#PX PY PZ PW#
-1.0 0.0 0.0 1.0
-0.997785157857 -0.0665190105238 0.0 1.20558348277
-0.997785157857 0.0 0.0665190105238 1.20558348277
-0.997785157857 0.0665190105238 0.0 1.20558348277
-0.994936676326 -0.0710669054519 0.0710669054519 1.47015174106
-0.994936676326 0.0710669054519 0.0710669054519 1.47015174106
-0.989949493661 -0.141421356237 0.0 1.44815468787
-0.989949493661 0.0 0.141421356237 1.44815468787
-0.989949493661 0.141421356237 0.0 1.44815468787
-0.985527456653 -0.151619608716 0.0758098043579 1.78458022213
-0.985527456653 -0.0758098043579 0.151619608716 1.78458022213
-0.985527456653 0.0758098043579 0.151619608716 1.78458022213
-0.985527456653 0.151619608716 0.0758098043579 1.78458022213
-0.974391195695 -0.224859506699 0.0 1.72476505513
-0.974391195695 0.0 0.224859506699 1.72476505513
-0.974391195695 0.224859506699 0.0 1.72476505513
-0.973328526785 -0.162221421131 0.162221421131 2.1857202005
-0.973328526785 0.162221421131 0.162221421131 2.1857202005
-0.96698755683 -0.241746889208 0.0805822964025 2.14327977964
-0.96698755683 -0.0805822964025 0.241746889208 2.14327977964
-0.96698755683 0.0805822964025 0.241746889208 2.14327977964
-0.96698755683 0.241746889208 0.0805822964025 2.14327977964
-0.950255268139 -0.259160527674 0.172773685116 2.64060079939
-0.950255268139 -0.172773685116 0.259160527674 2.64060079939
-0.950255268139 0.172773685116 0.259160527674 2.64060079939
-0.950255268139 0.259160527674 0.172773685116 2.64060079939
-0.948683298051 -0.316227766017 0.0 2.02385770251
-0.948683298051 0.0 0.316227766017 2.02385770251
-0.948683298051 0.316227766017 0.0 2.02385770251
-0.936382183835 -0.340502612303 0.0851256530759 2.5266280797
-0.936382183835 -0.0851256530759 0.340502612303 2.5266280797
-0.936382183835 0.0851256530759 0.340502612303 2.5266280797
-0.936382183835 0.340502612303 0.0851256530759 2.5266280797
-0.920574617898 -0.276172385369 0.276172385369 3.19548613128
-0.920574617898 0.276172385369 0.276172385369 3.19548613128
-0.912870929175 -0.36514837167 0.182574185835 3.11593277158
-0.912870929175 -0.182574185835 0.36514837167 3.11593277158
-0.912870929175 0.182574185835 0.36514837167 3.11593277158
-0.912870929175 0.36514837167 0.182574185835 3.11593277158
-0.910366477463 -0.413802944301 0.0 2.32183131487
-0.910366477463 0.0 0.413802944301 2.32183131487
-0.910366477463 0.413802944301 0.0 2.32183131487
-0.890870806375 -0.445435403187 0.0890870806375 2.89603716104
-0.890870806375 -0.0890870806375 0.445435403187 2.89603716104
-0.890870806375 0.0890870806375 0.445435403187 2.89603716104
-0.890870806375 0.445435403187 0.0890870806375 2.89603716104
-0.874157276122 -0.388514344943 0.291385758707 3.75319518134
-0.874157276122 -0.291385758707 0.388514344943 3.75319518134
-0.874157276122 0.291385758707 0.388514344943 3.75319518134
-0.874157276122 0.388514344943 0.291385758707 3.75319518134
-0.858116330321 -0.476731294623 0.190692517849 3.55034796868
-0.858116330321 -0.190692517849 0.476731294623 3.55034796868
-0.858116330321 0.190692517849 0.476731294623 3.55034796868
-0.858116330321 0.476731294623 0.190692517849 3.55034796868
-0.857492925713 -0.514495755428 0.0 2.5825669292
-0.857492925713 0.0 0.514495755428 2.5825669292
-0.857492925713 0.514495755428 0.0 2.5825669292
-0.828517156108 -0.552344770739 0.0920574617898 3.19548613128
-0.828517156108 -0.0920574617898 0.552344770739 3.19548613128
-0.828517156108 0.0920574617898 0.552344770739 3.19548613128
-0.828517156108 0.552344770739 0.0920574617898 3.19548613128
-0.816496580928 -0.408248290464 0.408248290464 4.35464843161
-0.816496580928 0.408248290464 0.408248290464 4.35464843161
-0.808122035642 -0.505076272276 0.303045763366 4.22202532907
-0.808122035642 -0.303045763366 0.505076272276 4.22202532907
-0.808122035642 0.303045763366 0.505076272276 4.22202532907
-0.808122035642 0.505076272276 0.303045763366 4.22202532907
-0.789352217376 -0.613940613515 0.0 2.76340742083
-0.789352217376 0.0 0.613940613515 2.76340742083
-0.789352217376 0.613940613515 0.0 2.76340742083
-0.784464540553 -0.588348405415 0.196116135138 3.86197927657
-0.784464540553 -0.196116135138 0.588348405415 3.86197927657
-0.784464540553 0.196116135138 0.588348405415 3.86197927657
-0.784464540553 0.588348405415 0.196116135138 3.86197927657
-0.749268649265 -0.655610068107 0.0936585811582 3.36513638968
-0.749268649265 -0.0936585811582 0.655610068107 3.36513638968
-0.749268649265 0.0936585811582 0.655610068107 3.36513638968
-0.749268649265 0.655610068107 0.0936585811582 3.36513638968
-0.737864787373 -0.527046276695 0.421637021356 4.79729233187
-0.737864787373 -0.421637021356 0.527046276695 4.79729233187
-0.737864787373 0.421637021356 0.527046276695 4.79729233187
-0.737864787373 0.527046276695 0.421637021356 4.79729233187
-0.721994872381 -0.618852747755 0.309426373878 4.49436321774
-0.721994872381 -0.309426373878 0.618852747755 4.49436321774
-0.721994872381 0.309426373878 0.618852747755 4.49436321774
-0.721994872381 0.618852747755 0.309426373878 4.49436321774
-0.707106781187 -0.707106781187 0.0 2.82842712475
-0.707106781187 0.0 0.707106781187 2.82842712475
-0.707106781187 0.707106781187 0.0 2.82842712475
-0.693103280084 -0.693103280084 0.198029508595 3.97612189807
-0.693103280084 -0.198029508595 0.693103280084 3.97612189807
-0.693103280084 0.198029508595 0.693103280084 3.97612189807
-0.693103280084 0.693103280084 0.198029508595 3.97612189807
-0.655610068107 -0.749268649265 0.0936585811582 3.36513638968
-0.655610068107 -0.0936585811582 0.749268649265 3.36513638968
-0.655610068107 0.0936585811582 0.749268649265 3.36513638968
-0.655610068107 0.749268649265 0.0936585811582 3.36513638968
-0.646996639221 -0.539163866017 0.539163866017 5.13584929118
-0.646996639221 0.539163866017 0.539163866017 5.13584929118
-0.639602149067 -0.639602149067 0.426401432711 4.96176212609
-0.639602149067 -0.426401432711 0.639602149067 4.96176212609
-0.639602149067 0.426401432711 0.639602149067 4.96176212609
-0.639602149067 0.639602149067 0.426401432711 4.96176212609
-0.618852747755 -0.721994872381 0.309426373878 4.49436321774
-0.618852747755 -0.309426373878 0.721994872381 4.49436321774
-0.618852747755 0.309426373878 0.721994872381 4.49436321774
-0.618852747755 0.721994872381 0.309426373878 4.49436321774
-0.613940613515 -0.789352217376 0.0 2.76340742083
-0.613940613515 0.0 0.789352217376 2.76340742083
-0.613940613515 0.789352217376 0.0 2.76340742083
-0.588348405415 -0.784464540553 0.196116135138 3.86197927657
-0.588348405415 -0.196116135138 0.784464540553 3.86197927657
-0.588348405415 0.196116135138 0.784464540553 3.86197927657
-0.588348405415 0.784464540553 0.196116135138 3.86197927657
-0.552344770739 -0.828517156108 0.0920574617898 3.19548613128
-0.552344770739 -0.0920574617898 0.828517156108 3.19548613128
-0.552344770739 0.0920574617898 0.828517156108 3.19548613128
-0.552344770739 0.828517156108 0.0920574617898 3.19548613128
-0.539163866017 -0.646996639221 0.539163866017 5.13584929118
-0.539163866017 -0.539163866017 0.646996639221 5.13584929118
-0.539163866017 0.539163866017 0.646996639221 5.13584929118
-0.539163866017 0.646996639221 0.539163866017 5.13584929118
-0.527046276695 -0.737864787373 0.421637021356 4.79729233187
-0.527046276695 -0.421637021356 0.737864787373 4.79729233187
-0.527046276695 0.421637021356 0.737864787373 4.79729233187
-0.527046276695 0.737864787373 0.421637021356 4.79729233187
-0.514495755428 -0.857492925713 0.0 2.5825669292
-0.514495755428 0.0 0.857492925713 2.5825669292
-0.514495755428 0.857492925713 0.0 2.5825669292
-0.505076272276 -0.808122035642 0.303045763366 4.22202532907
-0.505076272276 -0.303045763366 0.808122035642 4.22202532907
-0.505076272276 0.303045763366 0.808122035642 4.22202532907
-0.505076272276 0.808122035642 0.303045763366 4.22202532907
-0.476731294623 -0.858116330321 0.190692517849 3.55034796868
-0.476731294623 -0.190692517849 0.858116330321 3.55034796868
-0.476731294623 0.190692517849 0.858116330321 3.55034796868
-0.476731294623 0.858116330321 0.190692517849 3.55034796868
-0.445435403187 -0.890870806375 0.0890870806375 2.89603716104
-0.445435403187 -0.0890870806375 0.890870806375 2.89603716104
-0.445435403187 0.0890870806375 0.890870806375 2.89603716104
-0.445435403187 0.890870806375 0.0890870806375 2.89603716104
-0.426401432711 -0.639602149067 0.639602149067 4.96176212609
-0.426401432711 0.639602149067 0.639602149067 4.96176212609
-0.421637021356 -0.737864787373 0.527046276695 4.79729233187
-0.421637021356 -0.527046276695 0.737864787373 4.79729233187
-0.421637021356 0.527046276695 0.737864787373 4.79729233187
-0.421637021356 0.737864787373 0.527046276695 4.79729233187
-0.413802944301 -0.910366477463 0.0 2.32183131487
-0.413802944301 0.0 0.910366477463 2.32183131487
-0.413802944301 0.910366477463 0.0 2.32183131487
-0.408248290464 -0.816496580928 0.408248290464 4.35464843161
-0.408248290464 -0.408248290464 0.816496580928 4.35464843161
-0.408248290464 0.408248290464 0.816496580928 4.35464843161
-0.408248290464 0.816496580928 0.408248290464 4.35464843161
-0.388514344943 -0.874157276122 0.291385758707 3.75319518134
-0.388514344943 -0.291385758707 0.874157276122 3.75319518134
-0.388514344943 0.291385758707 0.874157276122 3.75319518134
-0.388514344943 0.874157276122 0.291385758707 3.75319518134
-0.36514837167 -0.912870929175 0.182574185835 3.11593277158
-0.36514837167 -0.182574185835 0.912870929175 3.11593277158
-0.36514837167 0.182574185835 0.912870929175 3.11593277158
-0.36514837167 0.912870929175 0.182574185835 3.11593277158
-0.340502612303 -0.936382183835 0.0851256530759 2.5266280797
-0.340502612303 -0.0851256530759 0.936382183835 2.5266280797
-0.340502612303 0.0851256530759 0.936382183835 2.5266280797
-0.340502612303 0.936382183835 0.0851256530759 2.5266280797
-0.316227766017 -0.948683298051 0.0 2.02385770251
-0.316227766017 0.0 0.948683298051 2.02385770251
-0.316227766017 0.948683298051 0.0 2.02385770251
-0.309426373878 -0.721994872381 0.618852747755 4.49436321774
-0.309426373878 -0.618852747755 0.721994872381 4.49436321774
-0.309426373878 0.618852747755 0.721994872381 4.49436321774
-0.309426373878 0.721994872381 0.618852747755 4.49436321774
-0.303045763366 -0.808122035642 0.505076272276 4.22202532907
-0.303045763366 -0.505076272276 0.808122035642 4.22202532907
-0.303045763366 0.505076272276 0.808122035642 4.22202532907
-0.303045763366 0.808122035642 0.505076272276 4.22202532907
-0.291385758707 -0.874157276122 0.388514344943 3.75319518134
-0.291385758707 -0.388514344943 0.874157276122 3.75319518134
-0.291385758707 0.388514344943 0.874157276122 3.75319518134
-0.291385758707 0.874157276122 0.388514344943 3.75319518134
-0.276172385369 -0.920574617898 0.276172385369 3.19548613128
-0.276172385369 -0.276172385369 0.920574617898 3.19548613128
-0.276172385369 0.276172385369 0.920574617898 3.19548613128
-0.276172385369 0.920574617898 0.276172385369 3.19548613128
-0.259160527674 -0.950255268139 0.172773685116 2.64060079939
-0.259160527674 -0.172773685116 0.950255268139 2.64060079939
-0.259160527674 0.172773685116 0.950255268139 2.64060079939
-0.259160527674 0.950255268139 0.172773685116 2.64060079939
-0.241746889208 -0.96698755683 0.0805822964025 2.14327977964
-0.241746889208 -0.0805822964025 0.96698755683 2.14327977964
-0.241746889208 0.0805822964025 0.96698755683 2.14327977964
-0.241746889208 0.96698755683 0.0805822964025 2.14327977964
-0.224859506699 -0.974391195695 0.0 1.72476505513
-0.224859506699 0.0 0.974391195695 1.72476505513
-0.224859506699 0.974391195695 0.0 1.72476505513
-0.198029508595 -0.693103280084 0.693103280084 3.97612189807
-0.198029508595 0.693103280084 0.693103280084 3.97612189807
-0.196116135138 -0.784464540553 0.588348405415 3.86197927657
-0.196116135138 -0.588348405415 0.784464540553 3.86197927657
-0.196116135138 0.588348405415 0.784464540553 3.86197927657
-0.196116135138 0.784464540553 0.588348405415 3.86197927657
-0.190692517849 -0.858116330321 0.476731294623 3.55034796868
-0.190692517849 -0.476731294623 0.858116330321 3.55034796868
-0.190692517849 0.476731294623 0.858116330321 3.55034796868
-0.190692517849 0.858116330321 0.476731294623 3.55034796868
-0.182574185835 -0.912870929175 0.36514837167 3.11593277158
-0.182574185835 -0.36514837167 0.912870929175 3.11593277158
-0.182574185835 0.36514837167 0.912870929175 3.11593277158
-0.182574185835 0.912870929175 0.36514837167 3.11593277158
-0.172773685116 -0.950255268139 0.259160527674 2.64060079939
-0.172773685116 -0.259160527674 0.950255268139 2.64060079939
-0.172773685116 0.259160527674 0.950255268139 2.64060079939
-0.172773685116 0.950255268139 0.259160527674 2.64060079939
-0.162221421131 -0.973328526785 0.162221421131 2.1857202005
-0.162221421131 -0.162221421131 0.973328526785 2.1857202005
-0.162221421131 0.162221421131 0.973328526785 2.1857202005
-0.162221421131 0.973328526785 0.162221421131 2.1857202005
-0.151619608716 -0.985527456653 0.0758098043579 1.78458022213
-0.151619608716 -0.0758098043579 0.985527456653 1.78458022213
-0.151619608716 0.0758098043579 0.985527456653 1.78458022213
-0.151619608716 0.985527456653 0.0758098043579 1.78458022213
-0.141421356237 -0.989949493661 0.0 1.44815468787
-0.141421356237 0.0 0.989949493661 1.44815468787
-0.141421356237 0.989949493661 0.0 1.44815468787
-0.0936585811582 -0.749268649265 0.655610068107 3.36513638968
-0.0936585811582 -0.655610068107 0.749268649265 3.36513638968
-0.0936585811582 0.655610068107 0.749268649265 3.36513638968
-0.0936585811582 0.749268649265 0.655610068107 3.36513638968
-0.0920574617898 -0.828517156108 0.552344770739 3.19548613128
-0.0920574617898 -0.552344770739 0.828517156108 3.19548613128
-0.0920574617898 0.552344770739 0.828517156108 3.19548613128
-0.0920574617898 0.828517156108 0.552344770739 3.19548613128
-0.0890870806375 -0.890870806375 0.445435403187 2.89603716104
-0.0890870806375 -0.445435403187 0.890870806375 2.89603716104
-0.0890870806375 0.445435403187 0.890870806375 2.89603716104
-0.0890870806375 0.890870806375 0.445435403187 2.89603716104
-0.0851256530759 -0.936382183835 0.340502612303 2.5266280797
-0.0851256530759 -0.340502612303 0.936382183835 2.5266280797
-0.0851256530759 0.340502612303 0.936382183835 2.5266280797
-0.0851256530759 0.936382183835 0.340502612303 2.5266280797
-0.0805822964025 -0.96698755683 0.241746889208 2.14327977964
-0.0805822964025 -0.241746889208 0.96698755683 2.14327977964
-0.0805822964025 0.241746889208 0.96698755683 2.14327977964
-0.0805822964025 0.96698755683 0.241746889208 2.14327977964
-0.0758098043579 -0.985527456653 0.151619608716 1.78458022213
-0.0758098043579 -0.151619608716 0.985527456653 1.78458022213
-0.0758098043579 0.151619608716 0.985527456653 1.78458022213
-0.0758098043579 0.985527456653 0.151619608716 1.78458022213
-0.0710669054519 -0.994936676326 0.0710669054519 1.47015174106
-0.0710669054519 -0.0710669054519 0.994936676326 1.47015174106
-0.0710669054519 0.0710669054519 0.994936676326 1.47015174106
-0.0710669054519 0.994936676326 0.0710669054519 1.47015174106
-0.0665190105238 -0.997785157857 0.0 1.20558348277
-0.0665190105238 0.0 0.997785157857 1.20558348277
-0.0665190105238 0.997785157857 0.0 1.20558348277
0.0 -1.0 0.0 1.0
0.0 -0.997785157857 0.0665190105238 1.20558348277
0.0 -0.989949493661 0.141421356237 1.44815468787
0.0 -0.974391195695 0.224859506699 1.72476505513
0.0 -0.948683298051 0.316227766017 2.02385770251
0.0 -0.910366477463 0.413802944301 2.32183131487
0.0 -0.857492925713 0.514495755428 2.5825669292
0.0 -0.789352217376 0.613940613515 2.76340742083
0.0 -0.707106781187 0.707106781187 2.82842712475
0.0 -0.613940613515 0.789352217376 2.76340742083
0.0 -0.514495755428 0.857492925713 2.5825669292
0.0 -0.413802944301 0.910366477463 2.32183131487
0.0 -0.316227766017 0.948683298051 2.02385770251
0.0 -0.224859506699 0.974391195695 1.72476505513
0.0 -0.141421356237 0.989949493661 1.44815468787
0.0 -0.0665190105238 0.997785157857 1.20558348277
0.0 0.0 1.0 1.0
0.0 0.0665190105238 0.997785157857 1.20558348277
0.0 0.141421356237 0.989949493661 1.44815468787
0.0 0.224859506699 0.974391195695 1.72476505513
0.0 0.316227766017 0.948683298051 2.02385770251
0.0 0.413802944301 0.910366477463 2.32183131487
0.0 0.514495755428 0.857492925713 2.5825669292
0.0 0.613940613515 0.789352217376 2.76340742083
0.0 0.707106781187 0.707106781187 2.82842712475
0.0 0.789352217376 0.613940613515 2.76340742083
0.0 0.857492925713 0.514495755428 2.5825669292
0.0 0.910366477463 0.413802944301 2.32183131487
0.0 0.948683298051 0.316227766017 2.02385770251
0.0 0.974391195695 0.224859506699 1.72476505513
0.0 0.989949493661 0.141421356237 1.44815468787
0.0 0.997785157857 0.0665190105238 1.20558348277
0.0 1.0 0.0 1.0
0.0665190105238 -0.997785157857 0.0 1.20558348277
0.0665190105238 0.0 0.997785157857 1.20558348277
0.0665190105238 0.997785157857 0.0 1.20558348277
0.0710669054519 -0.994936676326 0.0710669054519 1.47015174106
0.0710669054519 -0.0710669054519 0.994936676326 1.47015174106
0.0710669054519 0.0710669054519 0.994936676326 1.47015174106
0.0710669054519 0.994936676326 0.0710669054519 1.47015174106
0.0758098043579 -0.985527456653 0.151619608716 1.78458022213
0.0758098043579 -0.151619608716 0.985527456653 1.78458022213
0.0758098043579 0.151619608716 0.985527456653 1.78458022213
0.0758098043579 0.985527456653 0.151619608716 1.78458022213
0.0805822964025 -0.96698755683 0.241746889208 2.14327977964
0.0805822964025 -0.241746889208 0.96698755683 2.14327977964
0.0805822964025 0.241746889208 0.96698755683 2.14327977964
0.0805822964025 0.96698755683 0.241746889208 2.14327977964
0.0851256530759 -0.936382183835 0.340502612303 2.5266280797
0.0851256530759 -0.340502612303 0.936382183835 2.5266280797
0.0851256530759 0.340502612303 0.936382183835 2.5266280797
0.0851256530759 0.936382183835 0.340502612303 2.5266280797
0.0890870806375 -0.890870806375 0.445435403187 2.89603716104
0.0890870806375 -0.445435403187 0.890870806375 2.89603716104
0.0890870806375 0.445435403187 0.890870806375 2.89603716104
0.0890870806375 0.890870806375 0.445435403187 2.89603716104
0.0920574617898 -0.828517156108 0.552344770739 3.19548613128
0.0920574617898 -0.552344770739 0.828517156108 3.19548613128
0.0920574617898 0.552344770739 0.828517156108 3.19548613128
0.0920574617898 0.828517156108 0.552344770739 3.19548613128
0.0936585811582 -0.749268649265 0.655610068107 3.36513638968
0.0936585811582 -0.655610068107 0.749268649265 3.36513638968
0.0936585811582 0.655610068107 0.749268649265 3.36513638968
0.0936585811582 0.749268649265 0.655610068107 3.36513638968
0.141421356237 -0.989949493661 0.0 1.44815468787
0.141421356237 0.0 0.989949493661 1.44815468787
0.141421356237 0.989949493661 0.0 1.44815468787
0.151619608716 -0.985527456653 0.0758098043579 1.78458022213
0.151619608716 -0.0758098043579 0.985527456653 1.78458022213
0.151619608716 0.0758098043579 0.985527456653 1.78458022213
0.151619608716 0.985527456653 0.0758098043579 1.78458022213
0.162221421131 -0.973328526785 0.162221421131 2.1857202005
0.162221421131 -0.162221421131 0.973328526785 2.1857202005
0.162221421131 0.162221421131 0.973328526785 2.1857202005
0.162221421131 0.973328526785 0.162221421131 2.1857202005
0.172773685116 -0.950255268139 0.259160527674 2.64060079939
0.172773685116 -0.259160527674 0.950255268139 2.64060079939
0.172773685116 0.259160527674 0.950255268139 2.64060079939
0.172773685116 0.950255268139 0.259160527674 2.64060079939
0.182574185835 -0.912870929175 0.36514837167 3.11593277158
0.182574185835 -0.36514837167 0.912870929175 3.11593277158
0.182574185835 0.36514837167 0.912870929175 3.11593277158
0.182574185835 0.912870929175 0.36514837167 3.11593277158
0.190692517849 -0.858116330321 0.476731294623 3.55034796868
0.190692517849 -0.476731294623 0.858116330321 3.55034796868
0.190692517849 0.476731294623 0.858116330321 3.55034796868
0.190692517849 0.858116330321 0.476731294623 3.55034796868
0.196116135138 -0.784464540553 0.588348405415 3.86197927657
0.196116135138 -0.588348405415 0.784464540553 3.86197927657
0.196116135138 0.588348405415 0.784464540553 3.86197927657
0.196116135138 0.784464540553 0.588348405415 3.86197927657
0.198029508595 -0.693103280084 0.693103280084 3.97612189807
0.198029508595 0.693103280084 0.693103280084 3.97612189807
0.224859506699 -0.974391195695 0.0 1.72476505513
0.224859506699 0.0 0.974391195695 1.72476505513
0.224859506699 0.974391195695 0.0 1.72476505513
0.241746889208 -0.96698755683 0.0805822964025 2.14327977964
0.241746889208 -0.0805822964025 0.96698755683 2.14327977964
0.241746889208 0.0805822964025 0.96698755683 2.14327977964
0.241746889208 0.96698755683 0.0805822964025 2.14327977964
0.259160527674 -0.950255268139 0.172773685116 2.64060079939
0.259160527674 -0.172773685116 0.950255268139 2.64060079939
0.259160527674 0.172773685116 0.950255268139 2.64060079939
0.259160527674 0.950255268139 0.172773685116 2.64060079939
0.276172385369 -0.920574617898 0.276172385369 3.19548613128
0.276172385369 -0.276172385369 0.920574617898 3.19548613128
0.276172385369 0.276172385369 0.920574617898 3.19548613128
0.276172385369 0.920574617898 0.276172385369 3.19548613128
0.291385758707 -0.874157276122 0.388514344943 3.75319518134
0.291385758707 -0.388514344943 0.874157276122 3.75319518134
0.291385758707 0.388514344943 0.874157276122 3.75319518134
0.291385758707 0.874157276122 0.388514344943 3.75319518134
0.303045763366 -0.808122035642 0.505076272276 4.22202532907
0.303045763366 -0.505076272276 0.808122035642 4.22202532907
0.303045763366 0.505076272276 0.808122035642 4.22202532907
0.303045763366 0.808122035642 0.505076272276 4.22202532907
0.309426373878 -0.721994872381 0.618852747755 4.49436321774
0.309426373878 -0.618852747755 0.721994872381 4.49436321774
0.309426373878 0.618852747755 0.721994872381 4.49436321774
0.309426373878 0.721994872381 0.618852747755 4.49436321774
0.316227766017 -0.948683298051 0.0 2.02385770251
0.316227766017 0.0 0.948683298051 2.02385770251
0.316227766017 0.948683298051 0.0 2.02385770251
0.340502612303 -0.936382183835 0.0851256530759 2.5266280797
0.340502612303 -0.0851256530759 0.936382183835 2.5266280797
0.340502612303 0.0851256530759 0.936382183835 2.5266280797
0.340502612303 0.936382183835 0.0851256530759 2.5266280797
0.36514837167 -0.912870929175 0.182574185835 3.11593277158
0.36514837167 -0.182574185835 0.912870929175 3.11593277158
0.36514837167 0.182574185835 0.912870929175 3.11593277158
0.36514837167 0.912870929175 0.182574185835 3.11593277158
0.388514344943 -0.874157276122 0.291385758707 3.75319518134
0.388514344943 -0.291385758707 0.874157276122 3.75319518134
0.388514344943 0.291385758707 0.874157276122 3.75319518134
0.388514344943 0.874157276122 0.291385758707 3.75319518134
0.408248290464 -0.816496580928 0.408248290464 4.35464843161
0.408248290464 -0.408248290464 0.816496580928 4.35464843161
0.408248290464 0.408248290464 0.816496580928 4.35464843161
0.408248290464 0.816496580928 0.408248290464 4.35464843161
0.413802944301 -0.910366477463 0.0 2.32183131487
0.413802944301 0.0 0.910366477463 2.32183131487
0.413802944301 0.910366477463 0.0 2.32183131487
0.421637021356 -0.737864787373 0.527046276695 4.79729233187
0.421637021356 -0.527046276695 0.737864787373 4.79729233187
0.421637021356 0.527046276695 0.737864787373 4.79729233187
0.421637021356 0.737864787373 0.527046276695 4.79729233187
0.426401432711 -0.639602149067 0.639602149067 4.96176212609
0.426401432711 0.639602149067 0.639602149067 4.96176212609
0.445435403187 -0.890870806375 0.0890870806375 2.89603716104
0.445435403187 -0.0890870806375 0.890870806375 2.89603716104
0.445435403187 0.0890870806375 0.890870806375 2.89603716104
0.445435403187 0.890870806375 0.0890870806375 2.89603716104
0.476731294623 -0.858116330321 0.190692517849 3.55034796868
0.476731294623 -0.190692517849 0.858116330321 3.55034796868
0.476731294623 0.190692517849 0.858116330321 3.55034796868
0.476731294623 0.858116330321 0.190692517849 3.55034796868
0.505076272276 -0.808122035642 0.303045763366 4.22202532907
0.505076272276 -0.303045763366 0.808122035642 4.22202532907
0.505076272276 0.303045763366 0.808122035642 4.22202532907
0.505076272276 0.808122035642 0.303045763366 4.22202532907
0.514495755428 -0.857492925713 0.0 2.5825669292
0.514495755428 0.0 0.857492925713 2.5825669292
0.514495755428 0.857492925713 0.0 2.5825669292
0.527046276695 -0.737864787373 0.421637021356 4.79729233187
0.527046276695 -0.421637021356 0.737864787373 4.79729233187
0.527046276695 0.421637021356 0.737864787373 4.79729233187
0.527046276695 0.737864787373 0.421637021356 4.79729233187
0.539163866017 -0.646996639221 0.539163866017 5.13584929118
0.539163866017 -0.539163866017 0.646996639221 5.13584929118
0.539163866017 0.539163866017 0.646996639221 5.13584929118
0.539163866017 0.646996639221 0.539163866017 5.13584929118
0.552344770739 -0.828517156108 0.0920574617898 3.19548613128
0.552344770739 -0.0920574617898 0.828517156108 3.19548613128
0.552344770739 0.0920574617898 0.828517156108 3.19548613128
0.552344770739 0.828517156108 0.0920574617898 3.19548613128
0.588348405415 -0.784464540553 0.196116135138 3.86197927657
0.588348405415 -0.196116135138 0.784464540553 3.86197927657
0.588348405415 0.196116135138 0.784464540553 3.86197927657
0.588348405415 0.784464540553 0.196116135138 3.86197927657
0.613940613515 -0.789352217376 0.0 2.76340742083
0.613940613515 0.0 0.789352217376 2.76340742083
0.613940613515 0.789352217376 0.0 2.76340742083
0.618852747755 -0.721994872381 0.309426373878 4.49436321774
0.618852747755 -0.309426373878 0.721994872381 4.49436321774
0.618852747755 0.309426373878 0.721994872381 4.49436321774
0.618852747755 0.721994872381 0.309426373878 4.49436321774
0.639602149067 -0.639602149067 0.426401432711 4.96176212609
0.639602149067 -0.426401432711 0.639602149067 4.96176212609
0.639602149067 0.426401432711 0.639602149067 4.96176212609
0.639602149067 0.639602149067 0.426401432711 4.96176212609
0.646996639221 -0.539163866017 0.539163866017 5.13584929118
0.646996639221 0.539163866017 0.539163866017 5.13584929118
0.655610068107 -0.749268649265 0.0936585811582 3.36513638968
0.655610068107 -0.0936585811582 0.749268649265 3.36513638968
0.655610068107 0.0936585811582 0.749268649265 3.36513638968
0.655610068107 0.749268649265 0.0936585811582 3.36513638968
0.693103280084 -0.693103280084 0.198029508595 3.97612189807
0.693103280084 -0.198029508595 0.693103280084 3.97612189807
0.693103280084 0.198029508595 0.693103280084 3.97612189807
0.693103280084 0.693103280084 0.198029508595 3.97612189807
0.707106781187 -0.707106781187 0.0 2.82842712475
0.707106781187 0.0 0.707106781187 2.82842712475
0.707106781187 0.707106781187 0.0 2.82842712475
0.721994872381 -0.618852747755 0.309426373878 4.49436321774
0.721994872381 -0.309426373878 0.618852747755 4.49436321774
0.721994872381 0.309426373878 0.618852747755 4.49436321774
0.721994872381 0.618852747755 0.309426373878 4.49436321774
0.737864787373 -0.527046276695 0.421637021356 4.79729233187
0.737864787373 -0.421637021356 0.527046276695 4.79729233187
0.737864787373 0.421637021356 0.527046276695 4.79729233187
0.737864787373 0.527046276695 0.421637021356 4.79729233187
0.749268649265 -0.655610068107 0.0936585811582 3.36513638968
0.749268649265 -0.0936585811582 0.655610068107 3.36513638968
0.749268649265 0.0936585811582 0.655610068107 3.36513638968
0.749268649265 0.655610068107 0.0936585811582 3.36513638968
0.784464540553 -0.588348405415 0.196116135138 3.86197927657
0.784464540553 -0.196116135138 0.588348405415 3.86197927657
0.784464540553 0.196116135138 0.588348405415 3.86197927657
0.784464540553 0.588348405415 0.196116135138 3.86197927657
0.789352217376 -0.613940613515 0.0 2.76340742083
0.789352217376 0.0 0.613940613515 2.76340742083
0.789352217376 0.613940613515 0.0 2.76340742083
0.808122035642 -0.505076272276 0.303045763366 4.22202532907
0.808122035642 -0.303045763366 0.505076272276 4.22202532907
0.808122035642 0.303045763366 0.505076272276 4.22202532907
0.808122035642 0.505076272276 0.303045763366 4.22202532907
0.816496580928 -0.408248290464 0.408248290464 4.35464843161
0.816496580928 0.408248290464 0.408248290464 4.35464843161
0.828517156108 -0.552344770739 0.0920574617898 3.19548613128
0.828517156108 -0.0920574617898 0.552344770739 3.19548613128
0.828517156108 0.0920574617898 0.552344770739 3.19548613128
0.828517156108 0.552344770739 0.0920574617898 3.19548613128
0.857492925713 -0.514495755428 0.0 2.5825669292
0.857492925713 0.0 0.514495755428 2.5825669292
0.857492925713 0.514495755428 0.0 2.5825669292
0.858116330321 -0.476731294623 0.190692517849 3.55034796868
0.858116330321 -0.190692517849 0.476731294623 3.55034796868
0.858116330321 0.190692517849 0.476731294623 3.55034796868
0.858116330321 0.476731294623 0.190692517849 3.55034796868
0.874157276122 -0.388514344943 0.291385758707 3.75319518134
0.874157276122 -0.291385758707 0.388514344943 3.75319518134
0.874157276122 0.291385758707 0.388514344943 3.75319518134
0.874157276122 0.388514344943 0.291385758707 3.75319518134
0.890870806375 -0.445435403187 0.0890870806375 2.89603716104
0.890870806375 -0.0890870806375 0.445435403187 2.89603716104
0.890870806375 0.0890870806375 0.445435403187 2.89603716104
0.890870806375 0.445435403187 0.0890870806375 2.89603716104
0.910366477463 -0.413802944301 0.0 2.32183131487
0.910366477463 0.0 0.413802944301 2.32183131487
0.910366477463 0.413802944301 0.0 2.32183131487
0.912870929175 -0.36514837167 0.182574185835 3.11593277158
0.912870929175 -0.182574185835 0.36514837167 3.11593277158
0.912870929175 0.182574185835 0.36514837167 3.11593277158
0.912870929175 0.36514837167 0.182574185835 3.11593277158
0.920574617898 -0.276172385369 0.276172385369 3.19548613128
0.920574617898 0.276172385369 0.276172385369 3.19548613128
0.936382183835 -0.340502612303 0.0851256530759 2.5266280797
0.936382183835 -0.0851256530759 0.340502612303 2.5266280797
0.936382183835 0.0851256530759 0.340502612303 2.5266280797
0.936382183835 0.340502612303 0.0851256530759 2.5266280797
0.948683298051 -0.316227766017 0.0 2.02385770251
0.948683298051 0.0 0.316227766017 2.02385770251
0.948683298051 0.316227766017 0.0 2.02385770251
0.950255268139 -0.259160527674 0.172773685116 2.64060079939
0.950255268139 -0.172773685116 0.259160527674 2.64060079939
0.950255268139 0.172773685116 0.259160527674 2.64060079939
0.950255268139 0.259160527674 0.172773685116 2.64060079939
0.96698755683 -0.241746889208 0.0805822964025 2.14327977964
0.96698755683 -0.0805822964025 0.241746889208 2.14327977964
0.96698755683 0.0805822964025 0.241746889208 2.14327977964
0.96698755683 0.241746889208 0.0805822964025 2.14327977964
0.973328526785 -0.162221421131 0.162221421131 2.1857202005
0.973328526785 0.162221421131 0.162221421131 2.1857202005
0.974391195695 -0.224859506699 0.0 1.72476505513
0.974391195695 0.0 0.224859506699 1.72476505513
0.974391195695 0.224859506699 0.0 1.72476505513
0.985527456653 -0.151619608716 0.0758098043579 1.78458022213
0.985527456653 -0.0758098043579 0.151619608716 1.78458022213
0.985527456653 0.0758098043579 0.151619608716 1.78458022213
0.985527456653 0.151619608716 0.0758098043579 1.78458022213
0.989949493661 -0.141421356237 0.0 1.44815468787
0.989949493661 0.0 0.141421356237 1.44815468787
0.989949493661 0.141421356237 0.0 1.44815468787
0.994936676326 -0.0710669054519 0.0710669054519 1.47015174106
0.994936676326 0.0710669054519 0.0710669054519 1.47015174106
0.997785157857 -0.0665190105238 0.0 1.20558348277
0.997785157857 0.0 0.0665190105238 1.20558348277
0.997785157857 0.0665190105238 0.0 1.20558348277
1.0 0.0 0.0 1.0
#TI1 TI2 TI3#
288 291 287
291 322 295
322 351 326
351 378 355
378 397 382
397 418 407
418 437 430
437 458 451
458 477 470
477 490 487
490 505 502
505 518 515
518 531 526
531 538 535
538 543 540
543 544 542
287 295 286
295 326 299
326 355 330
355 382 359
382 407 386
407 430 411
430 451 434
451 470 455
470 487 474
487 502 494
502 515 509
515 526 522
526 535 528
535 540 534
540 542 537
286 299 285
299 330 303
330 359 334
359 386 363
386 411 390
411 434 415
434 455 441
455 474 462
474 494 481
494 509 498
509 522 511
522 528 521
528 534 525
534 537 530
285 303 284
303 334 307
334 363 338
363 390 367
390 415 394
415 441 422
441 462 445
462 481 466
481 498 483
498 511 497
511 521 508
521 525 514
525 530 517
284 307 283
307 338 311
338 367 342
367 394 371
394 422 401
422 445 426
445 466 447
466 483 465
483 497 480
497 508 493
508 514 501
514 517 504
283 311 282
311 342 315
342 371 346
371 401 375
401 426 403
426 447 425
447 465 444
465 480 461
480 493 473
493 501 486
501 504 489
282 315 281
315 346 319
346 375 348
375 403 374
403 425 400
425 444 421
444 461 440
461 473 454
473 486 469
486 489 476
281 319 280
319 348 318
348 374 345
374 400 370
400 421 393
421 440 414
440 454 433
454 469 450
469 476 457
280 318 279
318 345 314
345 370 341
370 393 366
393 414 389
414 433 410
433 450 429
450 457 436
279 314 278
314 341 310
341 366 337
366 389 362
389 410 385
410 429 406
429 436 417
278 310 277
310 337 306
337 362 333
362 385 358
385 406 381
406 417 396
277 306 276
306 333 302
333 358 329
358 381 354
381 396 377
276 302 275
302 329 298
329 354 325
354 377 350
275 298 274
298 325 294
325 350 321
274 294 273
294 321 290
273 290 272
291 287 295
322 295 326
351 326 355
378 355 382
397 382 407
418 407 430
437 430 451
458 451 470
477 470 487
490 487 502
505 502 515
518 515 526
531 526 535
538 535 540
543 540 542
295 286 299
326 299 330
355 330 359
382 359 386
407 386 411
430 411 434
451 434 455
470 455 474
487 474 494
502 494 509
515 509 522
526 522 528
535 528 534
540 534 537
299 285 303
330 303 334
359 334 363
386 363 390
411 390 415
434 415 441
455 441 462
474 462 481
494 481 498
509 498 511
522 511 521
528 521 525
534 525 530
303 284 307
334 307 338
363 338 367
390 367 394
415 394 422
441 422 445
462 445 466
481 466 483
498 483 497
511 497 508
521 508 514
525 514 517
307 283 311
338 311 342
367 342 371
394 371 401
422 401 426
445 426 447
466 447 465
483 465 480
497 480 493
508 493 501
514 501 504
311 282 315
342 315 346
371 346 375
401 375 403
426 403 425
447 425 444
465 444 461
480 461 473
493 473 486
501 486 489
315 281 319
346 319 348
375 348 374
403 374 400
425 400 421
444 421 440
461 440 454
473 454 469
486 469 476
319 280 318
348 318 345
374 345 370
400 370 393
421 393 414
440 414 433
454 433 450
469 450 457
318 279 314
345 314 341
370 341 366
393 366 389
414 389 410
433 410 429
450 429 436
314 278 310
341 310 337
366 337 362
389 362 385
410 385 406
429 406 417
310 277 306
337 306 333
362 333 358
385 358 381
406 381 396
306 276 302
333 302 329
358 329 354
381 354 377
302 275 298
329 298 325
354 325 350
298 274 294
325 294 321
294 273 290
256 289 257
289 320 292
320 349 323
349 376 352
376 395 379
395 416 404
416 435 427
435 456 448
456 475 467
475 488 484
488 503 499
503 516 512
516 529 523
529 536 532
536 541 539
541 544 542
257 292 258
292 323 296
323 352 327
352 379 356
379 404 383
404 427 408
427 448 431
448 467 452
467 484 471
484 499 491
499 512 506
512 523 519
523 532 527
532 539 533
539 542 537
258 296 259
296 327 300
327 356 331
356 383 360
383 408 387
408 431 412
431 452 438
452 471 459
471 491 478
491 506 495
506 519 510
519 527 520
527 533 524
533 537 530
259 300 260
300 331 304
331 360 335
360 387 364
387 412 391
412 438 419
438 459 442
459 478 463
478 495 482
495 510 496
510 520 507
520 524 513
524 530 517
260 304 261
304 335 308
335 364 339
364 391 368
391 419 398
419 442 423
442 463 446
463 482 464
482 496 479
496 507 492
507 513 500
513 517 504
261 308 262
308 339 312
339 368 343
368 398 372
398 423 402
423 446 424
446 464 443
464 479 460
479 492 472
492 500 485
500 504 489
262 312 263
312 343 316
343 372 347
372 402 373
402 424 399
424 443 420
443 460 439
460 472 453
472 485 468
485 489 476
263 316 264
316 347 317
347 373 344
373 399 369
399 420 392
420 439 413
439 453 432
453 468 449
468 476 457
264 317 265
317 344 313
344 369 340
369 392 365
392 413 388
413 432 409
432 449 428
449 457 436
265 313 266
313 340 309
340 365 336
365 388 361
388 409 384
409 428 405
428 436 417
266 309 267
309 336 305
336 361 332
361 384 357
384 405 380
405 417 396
267 305 268
305 332 301
332 357 328
357 380 353
380 396 377
268 301 269
301 328 297
328 353 324
353 377 350
269 297 270
297 324 293
324 350 321
270 293 271
293 321 290
271 290 272
289 257 292
320 292 323
349 323 352
376 352 379
395 379 404
416 404 427
435 427 448
456 448 467
475 467 484
488 484 499
503 499 512
516 512 523
529 523 532
536 532 539
541 539 542
292 258 296
323 296 327
352 327 356
379 356 383
404 383 408
427 408 431
448 431 452
467 452 471
484 471 491
499 491 506
512 506 519
523 519 527
532 527 533
539 533 537
296 259 300
327 300 331
356 331 360
383 360 387
408 387 412
431 412 438
452 438 459
471 459 478
491 478 495
506 495 510
519 510 520
527 520 524
533 524 530
300 260 304
331 304 335
360 335 364
387 364 391
412 391 419
438 419 442
459 442 463
478 463 482
495 482 496
510 496 507
520 507 513
524 513 517
304 261 308
335 308 339
364 339 368
391 368 398
419 398 423
442 423 446
463 446 464
482 464 479
496 479 492
507 492 500
513 500 504
308 262 312
339 312 343
368 343 372
398 372 402
423 402 424
446 424 443
464 443 460
479 460 472
492 472 485
500 485 489
312 263 316
343 316 347
372 347 373
402 373 399
424 399 420
443 420 439
460 439 453
472 453 468
485 468 476
316 264 317
347 317 344
373 344 369
399 369 392
420 392 413
439 413 432
453 432 449
468 449 457
317 265 313
344 313 340
369 340 365
392 365 388
413 388 409
432 409 428
449 428 436
313 266 309
340 309 336
365 336 361
388 361 384
409 384 405
428 405 417
309 267 305
336 305 332
361 332 357
384 357 380
405 380 396
305 268 301
332 301 328
357 328 353
380 353 377
301 269 297
328 297 324
353 324 350
297 270 293
324 293 321
293 271 290
288 255 287
255 224 252
224 195 221
195 168 192
168 149 165
149 128 140
128 109 117
109 88 96
88 69 77
69 56 60
56 41 45
41 28 32
28 15 21
15 8 12
8 3 5
3 0 2
287 252 286
252 221 248
221 192 217
192 165 188
165 140 161
140 117 136
117 96 113
96 77 92
77 60 73
60 45 53
45 32 38
32 21 25
21 12 17
12 5 11
5 2 7
286 248 285
248 217 244
217 188 213
188 161 184
161 136 157
136 113 132
113 92 106
92 73 85
73 53 66
53 38 49
38 25 34
25 17 24
17 11 20
11 7 14
285 244 284
244 213 240
213 184 209
184 157 180
157 132 153
132 106 125
106 85 102
85 66 81
66 49 62
49 34 48
34 24 37
24 20 31
20 14 27
284 240 283
240 209 236
209 180 205
180 153 176
153 125 146
125 102 121
102 81 98
81 62 80
62 48 65
48 37 52
37 31 44
31 27 40
283 236 282
236 205 232
205 176 201
176 146 172
146 121 142
121 98 120
98 80 101
80 65 84
65 52 72
52 44 59
44 40 55
282 232 281
232 201 228
201 172 197
172 142 171
142 120 145
120 101 124
101 84 105
84 72 91
72 59 76
59 55 68
281 228 280
228 197 227
197 171 200
171 145 175
145 124 152
124 105 131
105 91 112
91 76 95
76 68 87
280 227 279
227 200 231
200 175 204
175 152 179
152 131 156
131 112 135
112 95 116
95 87 108
279 231 278
231 204 235
204 179 208
179 156 183
156 135 160
135 116 139
116 108 127
278 235 277
235 208 239
208 183 212
183 160 187
160 139 164
139 127 148
277 239 276
239 212 243
212 187 216
187 164 191
164 148 167
276 243 275
243 216 247
216 191 220
191 167 194
275 247 274
247 220 251
220 194 223
274 251 273
251 223 254
273 254 272
255 287 252
224 252 221
195 221 192
168 192 165
149 165 140
128 140 117
109 117 96
88 96 77
69 77 60
56 60 45
41 45 32
28 32 21
15 21 12
8 12 5
3 5 2
252 286 248
221 248 217
192 217 188
165 188 161
140 161 136
117 136 113
96 113 92
77 92 73
60 73 53
45 53 38
32 38 25
21 25 17
12 17 11
5 11 7
248 285 244
217 244 213
188 213 184
161 184 157
136 157 132
113 132 106
92 106 85
73 85 66
53 66 49
38 49 34
25 34 24
17 24 20
11 20 14
244 284 240
213 240 209
184 209 180
157 180 153
132 153 125
106 125 102
85 102 81
66 81 62
49 62 48
34 48 37
24 37 31
20 31 27
240 283 236
209 236 205
180 205 176
153 176 146
125 146 121
102 121 98
81 98 80
62 80 65
48 65 52
37 52 44
31 44 40
236 282 232
205 232 201
176 201 172
146 172 142
121 142 120
98 120 101
80 101 84
65 84 72
52 72 59
44 59 55
232 281 228
201 228 197
172 197 171
142 171 145
120 145 124
101 124 105
84 105 91
72 91 76
59 76 68
228 280 227
197 227 200
171 200 175
145 175 152
124 152 131
105 131 112
91 112 95
76 95 87
227 279 231
200 231 204
175 204 179
152 179 156
131 156 135
112 135 116
95 116 108
231 278 235
204 235 208
179 208 183
156 183 160
135 160 139
116 139 127
235 277 239
208 239 212
183 212 187
160 187 164
139 164 148
239 276 243
212 243 216
187 216 191
164 191 167
243 275 247
216 247 220
191 220 194
247 274 251
220 251 223
251 273 254
256 253 257
253 222 249
222 193 218
193 166 189
166 147 162
147 126 137
126 107 114
107 86 93
86 67 74
67 54 57
54 39 42
39 26 29
26 13 18
13 6 9
6 1 4
1 0 2
257 249 258
249 218 245
218 189 214
189 162 185
162 137 158
137 114 133
114 93 110
93 74 89
74 57 70
57 42 50
42 29 35
29 18 22
18 9 16
9 4 10
4 2 7
258 245 259
245 214 241
214 185 210
185 158 181
158 133 154
133 110 129
110 89 103
89 70 82
70 50 63
50 35 46
35 22 33
22 16 23
16 10 19
10 7 14
259 241 260
241 210 237
210 181 206
181 154 177
154 129 150
129 103 122
103 82 99
82 63 78
63 46 61
46 33 47
33 23 36
23 19 30
19 14 27
260 237 261
237 206 233
206 177 202
177 150 173
150 122 143
122 99 118
99 78 97
78 61 79
61 47 64
47 36 51
36 30 43
30 27 40
261 233 262
233 202 229
202 173 198
173 143 169
143 118 141
118 97 119
97 79 100
79 64 83
64 51 71
51 43 58
43 40 55
262 229 263
229 198 225
198 169 196
169 141 170
141 119 144
119 100 123
100 83 104
83 71 90
71 58 75
58 55 68
263 225 264
225 196 226
196 170 199
170 144 174
144 123 151
123 104 130
104 90 111
90 75 94
75 68 87
264 226 265
226 199 230
199 174 203
174 151 178
151 130 155
130 111 134
111 94 115
94 87 108
265 230 266
230 203 234
203 178 207
178 155 182
155 134 159
134 115 138
115 108 127
266 234 267
234 207 238
207 182 211
182 159 186
159 138 163
138 127 148
267 238 268
238 211 242
211 186 215
186 163 190
163 148 167
268 242 269
242 215 246
215 190 219
190 167 194
269 246 270
246 219 250
219 194 223
270 250 271
250 223 254
271 254 272
253 257 249
222 249 218
193 218 189
166 189 162
147 162 137
126 137 114
107 114 93
86 93 74
67 74 57
54 57 42
39 42 29
26 29 18
13 18 9
6 9 4
1 4 2
249 258 245
218 245 214
189 214 185
162 185 158
137 158 133
114 133 110
93 110 89
74 89 70
57 70 50
42 50 35
29 35 22
18 22 16
9 16 10
4 10 7
245 259 241
214 241 210
185 210 181
158 181 154
133 154 129
110 129 103
89 103 82
70 82 63
50 63 46
35 46 33
22 33 23
16 23 19
10 19 14
241 260 237
210 237 206
181 206 177
154 177 150
129 150 122
103 122 99
82 99 78
63 78 61
46 61 47
33 47 36
23 36 30
19 30 27
237 261 233
206 233 202
177 202 173
150 173 143
122 143 118
99 118 97
78 97 79
61 79 64
47 64 51
36 51 43
30 43 40
233 262 229
202 229 198
173 198 169
143 169 141
118 141 119
97 119 100
79 100 83
64 83 71
51 71 58
43 58 55
229 263 225
198 225 196
169 196 170
141 170 144
119 144 123
100 123 104
83 104 90
71 90 75
58 75 68
225 264 226
196 226 199
170 199 174
144 174 151
123 151 130
104 130 111
90 111 94
75 94 87
226 265 230
199 230 203
174 203 178
151 178 155
130 155 134
111 134 115
94 115 108
230 266 234
203 234 207
178 207 182
155 182 159
134 159 138
115 138 127
234 267 238
207 238 211
182 211 186
159 186 163
138 163 148
238 268 242
211 242 215
186 215 190
163 190 167
242 269 246
215 246 219
190 219 194
246 270 250
219 250 223
250 271 254
