#PX PY PZ PW#
0.0 0.0 1.0 1.0
0.0 0.032241294011 0.99948011434 1.09821488789
0.0 0.0665190105238 0.997785157857 1.20558348277
0.0 0.102899151086 0.994691793827 1.32227426775
0.0 0.141421356237 0.989949493661 1.44815468787
0.0 0.182089260182 0.983282004984 1.58267927789
0.0 0.224859506699 0.974391195695 1.72476505513
0.0 0.26962992552 0.962964019714 1.87266498504
0.0 0.316227766017 0.948683298051 2.02385770251
0.0 0.364399348581 0.931242779706 2.17497957273
0.0 0.413802944301 0.910366477463 2.32183131487
0.0 0.464006994671 0.88583153528 2.4594922681
0.0 0.514495755428 0.857492925713 2.5825669292
0.0 0.564683915592 0.82530726125 2.68556785865
0.0 0.613940613515 0.789352217376 2.76340742083
0.0 0.661621637087 0.749837855365 2.81193486434
0.0 0.707106781187 0.707106781187 2.82842712475
0.0 0.749837855365 0.661621637087 2.81193486434
0.0 0.789352217376 0.613940613515 2.76340742083
0.0 0.82530726125 0.564683915592 2.68556785865
0.0 0.857492925713 0.514495755428 2.5825669292
0.0 0.88583153528 0.464006994671 2.4594922681
0.0 0.910366477463 0.413802944301 2.32183131487
0.0 0.931242779706 0.364399348581 2.17497957273
0.0 0.948683298051 0.316227766017 2.02385770251
0.0 0.962964019714 0.26962992552 1.87266498504
0.0 0.974391195695 0.224859506699 1.72476505513
0.0 0.983282004984 0.182089260182 1.58267927789
0.0 0.989949493661 0.141421356237 1.44815468787
0.0 0.994691793827 0.102899151086 1.32227426775
0.0 0.997785157857 0.0665190105238 1.20558348277
0.0 0.99948011434 0.032241294011 1.09821488789
0.0 1.0 0.0 1.0
0.032241294011 0.0 0.99948011434 1.09821488789
0.032241294011 0.99948011434 0.0 1.09821488789
0.0332963579106 0.0332963579106 0.998890737318 1.20959540578
0.0332963579106 0.998890737318 0.0332963579106 1.20959540578
0.0343807082086 0.0687614164173 0.99704053805 1.33166317563
0.0343807082086 0.99704053805 0.0687614164173 1.33166317563
0.0354886720494 0.106466016148 0.993682817383 1.46460051098
0.0354886720494 0.993682817383 0.106466016148 1.46460051098
0.0366126012969 0.146450405188 0.988540235017 1.60820605804
0.0366126012969 0.988540235017 0.146450405188 1.60820605804
0.0377425678048 0.188712839024 0.981306762925 1.76174994562
0.0377425678048 0.981306762925 0.188712839024 1.76174994562
0.0388661037168 0.233196622301 0.971652592921 1.92381342386
0.0388661037168 0.971652592921 0.233196622301 1.92381342386
0.0399680383489 0.279776268442 0.959232920373 2.09212888277
0.0399680383489 0.959232920373 0.279776268442 2.09212888277
0.0410304969931 0.328243975945 0.943701430842 2.26344667588
0.0410304969931 0.943701430842 0.328243975945 2.26344667588
0.0420331351709 0.378298216538 0.92472897376 2.43346603053
0.0420331351709 0.92472897376 0.378298216538 2.43346603053
0.0429536779588 0.429536779588 0.902027237134 2.59687475895
0.0429536779588 0.902027237134 0.429536779588 2.59687475895
0.0437688109532 0.481456920486 0.875376219065 2.74754099103
0.0437688109532 0.875376219065 0.481456920486 2.74754099103
0.0444554224474 0.533465069369 0.844653026501 2.87888395802
0.0444554224474 0.844653026501 0.533465069369 2.87888395802
0.0449921270666 0.584897651866 0.809858287199 2.98441704396
0.0449921270666 0.809858287199 0.584897651866 2.98441704396
0.0453609211627 0.635052896277 0.771135659765 3.05840877502
0.0453609211627 0.771135659765 0.635052896277 3.05840877502
0.0455487518674 0.683231278011 0.728780029879 3.0965591311
0.0455487518674 0.728780029879 0.683231278011 3.0965591311
0.0665190105238 0.0 0.997785157857 1.20558348277
0.0665190105238 0.997785157857 0.0 1.20558348277
0.0687614164173 0.0343807082086 0.99704053805 1.33166317563
0.0687614164173 0.99704053805 0.0343807082086 1.33166317563
0.0710669054519 0.0710669054519 0.994936676326 1.47015174106
0.0710669054519 0.994936676326 0.0710669054519 1.47015174106
0.0734223098214 0.110133464732 0.991201182589 1.62122793007
0.0734223098214 0.991201182589 0.110133464732 1.62122793007
0.0758098043579 0.151619608716 0.985527456653 1.78458022213
0.0758098043579 0.985527456653 0.151619608716 1.78458022213
0.0782061887006 0.195515471751 0.977577358757 1.95922048268
0.0782061887006 0.977577358757 0.195515471751 1.95922048268
0.0805822964025 0.241746889208 0.96698755683 2.14327977964
0.0805822964025 0.96698755683 0.241746889208 2.14327977964
0.082902667229 0.290159335301 0.953380673133 2.33380979361
0.082902667229 0.953380673133 0.290159335301 2.33380979361
0.0851256530759 0.340502612303 0.936382183835 2.5266280797
0.0851256530759 0.936382183835 0.340502612303 2.5266280797
0.0872041440394 0.392418648177 0.915643512414 2.71625987822
0.0872041440394 0.915643512414 0.392418648177 2.71625987822
0.0890870806375 0.445435403187 0.890870806375 2.89603716104
0.0890870806375 0.890870806375 0.445435403187 2.89603716104
0.0907218423253 0.498970132789 0.86185750209 3.05840877502
0.0907218423253 0.86185750209 0.498970132789 3.05840877502
0.0920574617898 0.552344770739 0.828517156108 3.19548613128
0.0920574617898 0.828517156108 0.552344770739 3.19548613128
0.0930484210398 0.604814736759 0.790911578839 3.29979508727
0.0930484210398 0.790911578839 0.604814736759 3.29979508727
0.0936585811582 0.655610068107 0.749268649265 3.36513638968
0.0936585811582 0.749268649265 0.655610068107 3.36513638968
0.0938646508928 0.703984881696 0.703984881696 3.38739744543
0.102899151086 0.0 0.994691793827 1.32227426775
0.102899151086 0.994691793827 0.0 1.32227426775
0.106466016148 0.0354886720494 0.993682817383 1.46460051098
0.106466016148 0.993682817383 0.0354886720494 1.46460051098
0.110133464732 0.0734223098214 0.991201182589 1.62122793007
0.110133464732 0.991201182589 0.0734223098214 1.62122793007
0.1138784427 0.1138784427 0.986946503401 1.79230010106
0.1138784427 0.986946503401 0.1138784427 1.79230010106
0.117669681083 0.156892908111 0.980580675691 1.9773333896
0.117669681083 0.980580675691 0.156892908111 1.9773333896
0.121466449527 0.202444082545 0.971731596215 2.17497957273
0.121466449527 0.971731596215 0.202444082545 2.17497957273
0.125217580669 0.250435161339 0.960001451799 2.38276985097
0.125217580669 0.960001451799 0.250435161339 2.38276985097
0.128861033876 0.300675745711 0.944980915093 2.59687475895
0.128861033876 0.944980915093 0.300675745711 2.59687475895
0.132324327417 0.352864873113 0.926270291922 2.81193486434
0.132324327417 0.926270291922 0.352864873113 2.81193486434
0.135526185436 0.406578556307 0.903507902905 3.02103540433
0.135526185436 0.903507902905 0.406578556307 3.02103540433
0.138379681204 0.461265604014 0.876404647627 3.21590453454
0.138379681204 0.876404647627 0.461265604014 3.21590453454
0.140796976339 0.51625557991 0.844781858035 3.38739744543
0.140796976339 0.844781858035 0.51625557991 3.38739744543
0.141421356237 0.0 0.989949493661 1.44815468787
0.141421356237 0.989949493661 0.0 1.44815468787
0.142695448246 0.570781792985 0.808607540063 3.52627786436
0.142695448246 0.808607540063 0.570781792985 3.52627786436
0.144004608221 0.624019968959 0.76802457718 3.62422657618
0.144004608221 0.76802457718 0.624019968959 3.62422657618
0.144672846651 0.675139951039 0.723364233256 3.67491460393
0.144672846651 0.723364233256 0.675139951039 3.67491460393
0.146450405188 0.0366126012969 0.988540235017 1.60820605804
0.146450405188 0.988540235017 0.0366126012969 1.60820605804
0.151619608716 0.0758098043579 0.985527456653 1.78458022213
0.151619608716 0.985527456653 0.0758098043579 1.78458022213
0.156892908111 0.117669681083 0.980580675691 1.9773333896
0.156892908111 0.980580675691 0.117669681083 1.9773333896
0.162221421131 0.162221421131 0.973328526785 2.1857202005
0.162221421131 0.973328526785 0.162221421131 2.1857202005
0.167541563317 0.209426954146 0.963363989071 2.40789559068
0.167541563317 0.963363989071 0.209426954146 2.40789559068
0.172773685116 0.259160527674 0.950255268139 2.64060079939
0.172773685116 0.950255268139 0.259160527674 2.64060079939
0.17782168979 0.311187957132 0.933563871396 2.87888395802
0.17782168979 0.933563871396 0.311187957132 2.87888395802
0.182089260182 0.0 0.983282004984 1.58267927789
0.182089260182 0.983282004984 0.0 1.58267927789
0.182574185835 0.36514837167 0.912870929175 3.11593277158
0.182574185835 0.912870929175 0.36514837167 3.11593277158
0.186907725406 0.420542382164 0.88781169568 3.34311809286
0.186907725406 0.88781169568 0.420542382164 3.34311809286
0.188712839024 0.0377425678048 0.981306762925 1.76174994562
0.188712839024 0.981306762925 0.0377425678048 1.76174994562
0.190692517849 0.476731294623 0.858116330321 3.55034796868
0.190692517849 0.858116330321 0.476731294623 3.55034796868
0.193800633245 0.532951741423 0.82365269129 3.72679527592
0.193800633245 0.82365269129 0.532951741423 3.72679527592
0.195515471751 0.0782061887006 0.977577358757 1.95922048268
0.195515471751 0.977577358757 0.0782061887006 1.95922048268
0.196116135138 0.588348405415 0.784464540553 3.86197927657
0.196116135138 0.784464540553 0.588348405415 3.86197927657
0.19754591933 0.642024237822 0.740797197487 3.94706383207
0.19754591933 0.740797197487 0.642024237822 3.94706383207
0.198029508595 0.693103280084 0.693103280084 3.97612189807
0.202444082545 0.121466449527 0.971731596215 2.17497957273
0.202444082545 0.971731596215 0.121466449527 2.17497957273
0.209426954146 0.167541563317 0.963363989071 2.40789559068
0.209426954146 0.963363989071 0.167541563317 2.40789559068
0.216371161204 0.216371161204 0.952033109297 2.65544951698
0.216371161204 0.952033109297 0.216371161204 2.65544951698
0.223160921339 0.267793105606 0.937275869623 2.91336138264
0.223160921339 0.937275869623 0.267793105606 2.91336138264
0.224859506699 0.0 0.974391195695 1.72476505513
0.224859506699 0.974391195695 0.0 1.72476505513
0.229657606087 0.321520648522 0.918630424349 3.1752828845
0.229657606087 0.918630424349 0.321520648522 3.1752828845
0.233196622301 0.0388661037168 0.971652592921 1.92381342386
0.233196622301 0.971652592921 0.0388661037168 1.92381342386
0.235702260396 0.377123616633 0.895668589503 3.43266296384
0.235702260396 0.895668589503 0.377123616633 3.43266296384
0.241121411085 0.434018539953 0.868037079907 3.67491460393
0.241121411085 0.868037079907 0.434018539953 3.67491460393
0.241746889208 0.0805822964025 0.96698755683 2.14327977964
0.241746889208 0.96698755683 0.0805822964025 2.14327977964
0.245736593591 0.491473187183 0.835504418211 3.88999840522
0.245736593591 0.835504418211 0.491473187183 3.88999840522
0.249377334027 0.548630134859 0.798007468886 4.06547088627
0.249377334027 0.798007468886 0.548630134859 4.06547088627
0.250435161339 0.125217580669 0.960001451799 2.38276985097
0.250435161339 0.960001451799 0.125217580669 2.38276985097
0.25189636093 0.604551266232 0.75568908279 4.18991875886
0.25189636093 0.75568908279 0.604551266232 4.18991875886
0.253184841771 0.658280588604 0.708917556959 4.25454404879
0.253184841771 0.708917556959 0.658280588604 4.25454404879
0.259160527674 0.172773685116 0.950255268139 2.64060079939
0.259160527674 0.950255268139 0.172773685116 2.64060079939
0.267793105606 0.223160921339 0.937275869623 2.91336138264
0.267793105606 0.937275869623 0.223160921339 2.91336138264
0.26962992552 0.0 0.962964019714 1.87266498504
0.26962992552 0.962964019714 0.0 1.87266498504
0.276172385369 0.276172385369 0.920574617898 3.19548613128
0.276172385369 0.920574617898 0.276172385369 3.19548613128
0.279776268442 0.0399680383489 0.959232920373 2.09212888277
0.279776268442 0.959232920373 0.0399680383489 2.09212888277
0.284108234286 0.331459606667 0.89967607524 3.47894567305
0.284108234286 0.89967607524 0.331459606667 3.47894567305
0.290159335301 0.082902667229 0.953380673133 2.33380979361
0.290159335301 0.953380673133 0.082902667229 2.33380979361
0.291385758707 0.388514344943 0.874157276122 3.75319518134
0.291385758707 0.874157276122 0.388514344943 3.75319518134
0.297775000191 0.446662500287 0.843695833875 4.00553826201
0.297775000191 0.843695833875 0.446662500287 4.00553826201
0.300675745711 0.128861033876 0.944980915093 2.59687475895
0.300675745711 0.944980915093 0.128861033876 2.59687475895
0.303045763366 0.505076272276 0.808122035642 4.22202532907
0.303045763366 0.808122035642 0.505076272276 4.22202532907
0.306986706058 0.562808961106 0.767466765145 4.38889196514
0.306986706058 0.767466765145 0.562808961106 4.38889196514
0.309426373878 0.618852747755 0.721994872381 4.49436321774
0.309426373878 0.721994872381 0.618852747755 4.49436321774
0.310252613997 0.672213996994 0.672213996994 4.5304624133
0.311187957132 0.17782168979 0.933563871396 2.87888395802
0.311187957132 0.933563871396 0.17782168979 2.87888395802
0.316227766017 0.0 0.948683298051 2.02385770251
0.316227766017 0.948683298051 0.0 2.02385770251
0.321520648522 0.229657606087 0.918630424349 3.1752828845
0.321520648522 0.918630424349 0.229657606087 3.1752828845
0.328243975945 0.0410304969931 0.943701430842 2.26344667588
0.328243975945 0.943701430842 0.0410304969931 2.26344667588
0.331459606667 0.284108234286 0.89967607524 3.47894567305
0.331459606667 0.89967607524 0.284108234286 3.47894567305
0.340502612303 0.0851256530759 0.936382183835 2.5266280797
0.340502612303 0.936382183835 0.0851256530759 2.5266280797
0.340754668458 0.340754668458 0.87622629032 3.77990825187
0.340754668458 0.87622629032 0.340754668458 3.77990825187
0.349128267638 0.399003734443 0.847882935691 4.06547088627
0.349128267638 0.847882935691 0.399003734443 4.06547088627
0.352864873113 0.132324327417 0.926270291922 2.81193486434
0.352864873113 0.926270291922 0.132324327417 2.81193486434
0.356290618992 0.458087938703 0.814378557695 4.3208478916
0.356290618992 0.814378557695 0.458087938703 4.3208478916
0.361961382997 0.517087689995 0.775631534993 4.5304624133
0.361961382997 0.775631534993 0.517087689995 4.5304624133
0.364399348581 0.0 0.931242779706 2.17497957273
0.364399348581 0.931242779706 0.0 2.17497957273
0.36514837167 0.182574185835 0.912870929175 3.11593277158
0.36514837167 0.912870929175 0.182574185835 3.11593277158
0.365895861443 0.574979210838 0.731791722885 4.67981092418
0.365895861443 0.731791722885 0.574979210838 4.67981092418
0.367911831859 0.630705997473 0.683264830596 4.75759072864
0.367911831859 0.683264830596 0.630705997473 4.75759072864
0.377123616633 0.235702260396 0.895668589503 3.43266296384
0.377123616633 0.895668589503 0.235702260396 3.43266296384
0.378298216538 0.0420331351709 0.92472897376 2.43346603053
0.378298216538 0.92472897376 0.0420331351709 2.43346603053
0.388514344943 0.291385758707 0.874157276122 3.75319518134
0.388514344943 0.874157276122 0.291385758707 3.75319518134
0.392418648177 0.0872041440394 0.915643512414 2.71625987822
0.392418648177 0.915643512414 0.0872041440394 2.71625987822
0.399003734443 0.349128267638 0.847882935691 4.06547088627
0.399003734443 0.847882935691 0.349128267638 4.06547088627
0.406578556307 0.135526185436 0.903507902905 3.02103540433
0.406578556307 0.903507902905 0.135526185436 3.02103540433
0.408248290464 0.408248290464 0.816496580928 4.35464843161
0.408248290464 0.816496580928 0.408248290464 4.35464843161
0.413802944301 0.0 0.910366477463 2.32183131487
0.413802944301 0.910366477463 0.0 2.32183131487
0.415900195928 0.467887720419 0.779812867365 4.60412757438
0.415900195928 0.779812867365 0.467887720419 4.60412757438
0.420542382164 0.186907725406 0.88781169568 3.34311809286
0.420542382164 0.88781169568 0.186907725406 3.34311809286
0.421637021356 0.527046276695 0.737864787373 4.79729233187
0.421637021356 0.737864787373 0.527046276695 4.79729233187
0.425195202762 0.584643403798 0.690942204489 4.91977274156
0.425195202762 0.690942204489 0.584643403798 4.91977274156
0.426401432711 0.639602149067 0.639602149067 4.96176212609
0.429536779588 0.0429536779588 0.902027237134 2.59687475895
0.429536779588 0.902027237134 0.0429536779588 2.59687475895
0.434018539953 0.241121411085 0.868037079907 3.67491460393
0.434018539953 0.868037079907 0.241121411085 3.67491460393
0.445435403187 0.0890870806375 0.890870806375 2.89603716104
0.445435403187 0.890870806375 0.0890870806375 2.89603716104
0.446662500287 0.297775000191 0.843695833875 4.00553826201
0.446662500287 0.843695833875 0.297775000191 4.00553826201
0.458087938703 0.356290618992 0.814378557695 4.3208478916
0.458087938703 0.814378557695 0.356290618992 4.3208478916
0.461265604014 0.138379681204 0.876404647627 3.21590453454
0.461265604014 0.876404647627 0.138379681204 3.21590453454
0.464006994671 0.0 0.88583153528 2.4594922681
0.464006994671 0.88583153528 0.0 2.4594922681
0.467887720419 0.415900195928 0.779812867365 4.60412757438
0.467887720419 0.779812867365 0.415900195928 4.60412757438
0.475664780324 0.475664780324 0.739922991614 4.83754919976
0.475664780324 0.739922991614 0.475664780324 4.83754919976
0.476731294623 0.190692517849 0.858116330321 3.55034796868
0.476731294623 0.858116330321 0.190692517849 3.55034796868
0.481070235442 0.534522483825 0.694879228972 5.00435221428
0.481070235442 0.694879228972 0.534522483825 5.00435221428
0.481456920486 0.0437688109532 0.875376219065 2.74754099103
0.481456920486 0.875376219065 0.0437688109532 2.74754099103
0.483842997513 0.591363663628 0.645123996685 5.09138321854
0.483842997513 0.645123996685 0.591363663628 5.09138321854
0.491473187183 0.245736593591 0.835504418211 3.88999840522
0.491473187183 0.835504418211 0.245736593591 3.88999840522
0.498970132789 0.0907218423253 0.86185750209 3.05840877502
0.498970132789 0.86185750209 0.0907218423253 3.05840877502
0.505076272276 0.303045763366 0.808122035642 4.22202532907
0.505076272276 0.808122035642 0.303045763366 4.22202532907
0.514495755428 0.0 0.857492925713 2.5825669292
0.514495755428 0.857492925713 0.0 2.5825669292
0.51625557991 0.140796976339 0.844781858035 3.38739744543
0.51625557991 0.844781858035 0.140796976339 3.38739744543
0.517087689995 0.361961382997 0.775631534993 4.5304624133
0.517087689995 0.775631534993 0.361961382997 4.5304624133
0.527046276695 0.421637021356 0.737864787373 4.79729233187
0.527046276695 0.737864787373 0.421637021356 4.79729233187
0.532951741423 0.193800633245 0.82365269129 3.72679527592
0.532951741423 0.82365269129 0.193800633245 3.72679527592
0.533465069369 0.0444554224474 0.844653026501 2.87888395802
0.533465069369 0.844653026501 0.0444554224474 2.87888395802
0.534522483825 0.481070235442 0.694879228972 5.00435221428
0.534522483825 0.694879228972 0.481070235442 5.00435221428
0.539163866017 0.539163866017 0.646996639221 5.13584929118
0.539163866017 0.646996639221 0.539163866017 5.13584929118
0.540738070436 0.594811877479 0.594811877479 5.18096640118
0.548630134859 0.249377334027 0.798007468886 4.06547088627
0.548630134859 0.798007468886 0.249377334027 4.06547088627
0.552344770739 0.0920574617898 0.828517156108 3.19548613128
0.552344770739 0.828517156108 0.0920574617898 3.19548613128
0.562808961106 0.306986706058 0.767466765145 4.38889196514
0.562808961106 0.767466765145 0.306986706058 4.38889196514
0.564683915592 0.0 0.82530726125 2.68556785865
0.564683915592 0.82530726125 0.0 2.68556785865
0.570781792985 0.142695448246 0.808607540063 3.52627786436
0.570781792985 0.808607540063 0.142695448246 3.52627786436
0.574979210838 0.365895861443 0.731791722885 4.67981092418
0.574979210838 0.731791722885 0.365895861443 4.67981092418
0.584643403798 0.425195202762 0.690942204489 4.91977274156
0.584643403798 0.690942204489 0.425195202762 4.91977274156
0.584897651866 0.0449921270666 0.809858287199 2.98441704396
0.584897651866 0.809858287199 0.0449921270666 2.98441704396
0.588348405415 0.196116135138 0.784464540553 3.86197927657
0.588348405415 0.784464540553 0.196116135138 3.86197927657
0.591363663628 0.483842997513 0.645123996685 5.09138321854
0.591363663628 0.645123996685 0.483842997513 5.09138321854
0.594811877479 0.540738070436 0.594811877479 5.18096640118
0.594811877479 0.594811877479 0.540738070436 5.18096640118
0.604551266232 0.25189636093 0.75568908279 4.18991875886
0.604551266232 0.75568908279 0.25189636093 4.18991875886
0.604814736759 0.0930484210398 0.790911578839 3.29979508727
0.604814736759 0.790911578839 0.0930484210398 3.29979508727
0.613940613515 0.0 0.789352217376 2.76340742083
0.613940613515 0.789352217376 0.0 2.76340742083
0.618852747755 0.309426373878 0.721994872381 4.49436321774
0.618852747755 0.721994872381 0.309426373878 4.49436321774
0.624019968959 0.144004608221 0.76802457718 3.62422657618
0.624019968959 0.76802457718 0.144004608221 3.62422657618
0.630705997473 0.367911831859 0.683264830596 4.75759072864
0.630705997473 0.683264830596 0.367911831859 4.75759072864
0.635052896277 0.0453609211627 0.771135659765 3.05840877502
0.635052896277 0.771135659765 0.0453609211627 3.05840877502
0.639602149067 0.426401432711 0.639602149067 4.96176212609
0.639602149067 0.639602149067 0.426401432711 4.96176212609
0.642024237822 0.19754591933 0.740797197487 3.94706383207
0.642024237822 0.740797197487 0.19754591933 3.94706383207
0.645123996685 0.483842997513 0.591363663628 5.09138321854
0.645123996685 0.591363663628 0.483842997513 5.09138321854
0.646996639221 0.539163866017 0.539163866017 5.13584929118
0.655610068107 0.0936585811582 0.749268649265 3.36513638968
0.655610068107 0.749268649265 0.0936585811582 3.36513638968
0.658280588604 0.253184841771 0.708917556959 4.25454404879
0.658280588604 0.708917556959 0.253184841771 4.25454404879
0.661621637087 0.0 0.749837855365 2.81193486434
0.661621637087 0.749837855365 0.0 2.81193486434
0.672213996994 0.310252613997 0.672213996994 4.5304624133
0.672213996994 0.672213996994 0.310252613997 4.5304624133
0.675139951039 0.144672846651 0.723364233256 3.67491460393
0.675139951039 0.723364233256 0.144672846651 3.67491460393
0.683231278011 0.0455487518674 0.728780029879 3.0965591311
0.683231278011 0.728780029879 0.0455487518674 3.0965591311
0.683264830596 0.367911831859 0.630705997473 4.75759072864
0.683264830596 0.630705997473 0.367911831859 4.75759072864
0.690942204489 0.425195202762 0.584643403798 4.91977274156
0.690942204489 0.584643403798 0.425195202762 4.91977274156
0.693103280084 0.198029508595 0.693103280084 3.97612189807
0.693103280084 0.693103280084 0.198029508595 3.97612189807
0.694879228972 0.481070235442 0.534522483825 5.00435221428
0.694879228972 0.534522483825 0.481070235442 5.00435221428
0.703984881696 0.0938646508928 0.703984881696 3.38739744543
0.703984881696 0.703984881696 0.0938646508928 3.38739744543
0.707106781187 0.0 0.707106781187 2.82842712475
0.707106781187 0.707106781187 0.0 2.82842712475
0.708917556959 0.253184841771 0.658280588604 4.25454404879
0.708917556959 0.658280588604 0.253184841771 4.25454404879
0.721994872381 0.309426373878 0.618852747755 4.49436321774
0.721994872381 0.618852747755 0.309426373878 4.49436321774
0.723364233256 0.144672846651 0.675139951039 3.67491460393
0.723364233256 0.675139951039 0.144672846651 3.67491460393
0.728780029879 0.0455487518674 0.683231278011 3.0965591311
0.728780029879 0.683231278011 0.0455487518674 3.0965591311
0.731791722885 0.365895861443 0.574979210838 4.67981092418
0.731791722885 0.574979210838 0.365895861443 4.67981092418
0.737864787373 0.421637021356 0.527046276695 4.79729233187
0.737864787373 0.527046276695 0.421637021356 4.79729233187
0.739922991614 0.475664780324 0.475664780324 4.83754919976
0.740797197487 0.19754591933 0.642024237822 3.94706383207
0.740797197487 0.642024237822 0.19754591933 3.94706383207
0.749268649265 0.0936585811582 0.655610068107 3.36513638968
0.749268649265 0.655610068107 0.0936585811582 3.36513638968
0.749837855365 0.0 0.661621637087 2.81193486434
0.749837855365 0.661621637087 0.0 2.81193486434
0.75568908279 0.25189636093 0.604551266232 4.18991875886
0.75568908279 0.604551266232 0.25189636093 4.18991875886
0.767466765145 0.306986706058 0.562808961106 4.38889196514
0.767466765145 0.562808961106 0.306986706058 4.38889196514
0.76802457718 0.144004608221 0.624019968959 3.62422657618
0.76802457718 0.624019968959 0.144004608221 3.62422657618
0.771135659765 0.0453609211627 0.635052896277 3.05840877502
0.771135659765 0.635052896277 0.0453609211627 3.05840877502
0.775631534993 0.361961382997 0.517087689995 4.5304624133
0.775631534993 0.517087689995 0.361961382997 4.5304624133
0.779812867365 0.415900195928 0.467887720419 4.60412757438
0.779812867365 0.467887720419 0.415900195928 4.60412757438
0.784464540553 0.196116135138 0.588348405415 3.86197927657
0.784464540553 0.588348405415 0.196116135138 3.86197927657
0.789352217376 0.0 0.613940613515 2.76340742083
0.789352217376 0.613940613515 0.0 2.76340742083
0.790911578839 0.0930484210398 0.604814736759 3.29979508727
0.790911578839 0.604814736759 0.0930484210398 3.29979508727
0.798007468886 0.249377334027 0.548630134859 4.06547088627
0.798007468886 0.548630134859 0.249377334027 4.06547088627
0.808122035642 0.303045763366 0.505076272276 4.22202532907
0.808122035642 0.505076272276 0.303045763366 4.22202532907
0.808607540063 0.142695448246 0.570781792985 3.52627786436
0.808607540063 0.570781792985 0.142695448246 3.52627786436
0.809858287199 0.0449921270666 0.584897651866 2.98441704396
0.809858287199 0.584897651866 0.0449921270666 2.98441704396
0.814378557695 0.356290618992 0.458087938703 4.3208478916
0.814378557695 0.458087938703 0.356290618992 4.3208478916
0.816496580928 0.408248290464 0.408248290464 4.35464843161
0.82365269129 0.193800633245 0.532951741423 3.72679527592
0.82365269129 0.532951741423 0.193800633245 3.72679527592
0.82530726125 0.0 0.564683915592 2.68556785865
0.82530726125 0.564683915592 0.0 2.68556785865
0.828517156108 0.0920574617898 0.552344770739 3.19548613128
0.828517156108 0.552344770739 0.0920574617898 3.19548613128
0.835504418211 0.245736593591 0.491473187183 3.88999840522
0.835504418211 0.491473187183 0.245736593591 3.88999840522
0.843695833875 0.297775000191 0.446662500287 4.00553826201
0.843695833875 0.446662500287 0.297775000191 4.00553826201
0.844653026501 0.0444554224474 0.533465069369 2.87888395802
0.844653026501 0.533465069369 0.0444554224474 2.87888395802
0.844781858035 0.140796976339 0.51625557991 3.38739744543
0.844781858035 0.51625557991 0.140796976339 3.38739744543
0.847882935691 0.349128267638 0.399003734443 4.06547088627
0.847882935691 0.399003734443 0.349128267638 4.06547088627
0.857492925713 0.0 0.514495755428 2.5825669292
0.857492925713 0.514495755428 0.0 2.5825669292
0.858116330321 0.190692517849 0.476731294623 3.55034796868
0.858116330321 0.476731294623 0.190692517849 3.55034796868
0.86185750209 0.0907218423253 0.498970132789 3.05840877502
0.86185750209 0.498970132789 0.0907218423253 3.05840877502
0.868037079907 0.241121411085 0.434018539953 3.67491460393
0.868037079907 0.434018539953 0.241121411085 3.67491460393
0.874157276122 0.291385758707 0.388514344943 3.75319518134
0.874157276122 0.388514344943 0.291385758707 3.75319518134
0.875376219065 0.0437688109532 0.481456920486 2.74754099103
0.875376219065 0.481456920486 0.0437688109532 2.74754099103
0.87622629032 0.340754668458 0.340754668458 3.77990825187
0.876404647627 0.138379681204 0.461265604014 3.21590453454
0.876404647627 0.461265604014 0.138379681204 3.21590453454
0.88583153528 0.0 0.464006994671 2.4594922681
0.88583153528 0.464006994671 0.0 2.4594922681
0.88781169568 0.186907725406 0.420542382164 3.34311809286
0.88781169568 0.420542382164 0.186907725406 3.34311809286
0.890870806375 0.0890870806375 0.445435403187 2.89603716104
0.890870806375 0.445435403187 0.0890870806375 2.89603716104
0.895668589503 0.235702260396 0.377123616633 3.43266296384
0.895668589503 0.377123616633 0.235702260396 3.43266296384
0.89967607524 0.284108234286 0.331459606667 3.47894567305
0.89967607524 0.331459606667 0.284108234286 3.47894567305
0.902027237134 0.0429536779588 0.429536779588 2.59687475895
0.902027237134 0.429536779588 0.0429536779588 2.59687475895
0.903507902905 0.135526185436 0.406578556307 3.02103540433
0.903507902905 0.406578556307 0.135526185436 3.02103540433
0.910366477463 0.0 0.413802944301 2.32183131487
0.910366477463 0.413802944301 0.0 2.32183131487
0.912870929175 0.182574185835 0.36514837167 3.11593277158
0.912870929175 0.36514837167 0.182574185835 3.11593277158
0.915643512414 0.0872041440394 0.392418648177 2.71625987822
0.915643512414 0.392418648177 0.0872041440394 2.71625987822
0.918630424349 0.229657606087 0.321520648522 3.1752828845
0.918630424349 0.321520648522 0.229657606087 3.1752828845
0.920574617898 0.276172385369 0.276172385369 3.19548613128
0.92472897376 0.0420331351709 0.378298216538 2.43346603053
0.92472897376 0.378298216538 0.0420331351709 2.43346603053
0.926270291922 0.132324327417 0.352864873113 2.81193486434
0.926270291922 0.352864873113 0.132324327417 2.81193486434
0.931242779706 0.0 0.364399348581 2.17497957273
0.931242779706 0.364399348581 0.0 2.17497957273
0.933563871396 0.17782168979 0.311187957132 2.87888395802
0.933563871396 0.311187957132 0.17782168979 2.87888395802
0.936382183835 0.0851256530759 0.340502612303 2.5266280797
0.936382183835 0.340502612303 0.0851256530759 2.5266280797
0.937275869623 0.223160921339 0.267793105606 2.91336138264
0.937275869623 0.267793105606 0.223160921339 2.91336138264
0.943701430842 0.0410304969931 0.328243975945 2.26344667588
0.943701430842 0.328243975945 0.0410304969931 2.26344667588
0.944980915093 0.128861033876 0.300675745711 2.59687475895
0.944980915093 0.300675745711 0.128861033876 2.59687475895
0.948683298051 0.0 0.316227766017 2.02385770251
0.948683298051 0.316227766017 0.0 2.02385770251
0.950255268139 0.172773685116 0.259160527674 2.64060079939
0.950255268139 0.259160527674 0.172773685116 2.64060079939
0.952033109297 0.216371161204 0.216371161204 2.65544951698
0.953380673133 0.082902667229 0.290159335301 2.33380979361
0.953380673133 0.290159335301 0.082902667229 2.33380979361
0.959232920373 0.0399680383489 0.279776268442 2.09212888277
0.959232920373 0.279776268442 0.0399680383489 2.09212888277
0.960001451799 0.125217580669 0.250435161339 2.38276985097
0.960001451799 0.250435161339 0.125217580669 2.38276985097
0.962964019714 0.0 0.26962992552 1.87266498504
0.962964019714 0.26962992552 0.0 1.87266498504
0.963363989071 0.167541563317 0.209426954146 2.40789559068
0.963363989071 0.209426954146 0.167541563317 2.40789559068
0.96698755683 0.0805822964025 0.241746889208 2.14327977964
0.96698755683 0.241746889208 0.0805822964025 2.14327977964
0.971652592921 0.0388661037168 0.233196622301 1.92381342386
0.971652592921 0.233196622301 0.0388661037168 1.92381342386
0.971731596215 0.121466449527 0.202444082545 2.17497957273
0.971731596215 0.202444082545 0.121466449527 2.17497957273
0.973328526785 0.162221421131 0.162221421131 2.1857202005
0.974391195695 0.0 0.224859506699 1.72476505513
0.974391195695 0.224859506699 0.0 1.72476505513
0.977577358757 0.0782061887006 0.195515471751 1.95922048268
0.977577358757 0.195515471751 0.0782061887006 1.95922048268
0.980580675691 0.117669681083 0.156892908111 1.9773333896
0.980580675691 0.156892908111 0.117669681083 1.9773333896
0.981306762925 0.0377425678048 0.188712839024 1.76174994562
0.981306762925 0.188712839024 0.0377425678048 1.76174994562
0.983282004984 0.0 0.182089260182 1.58267927789
0.983282004984 0.182089260182 0.0 1.58267927789
0.985527456653 0.0758098043579 0.151619608716 1.78458022213
0.985527456653 0.151619608716 0.0758098043579 1.78458022213
0.986946503401 0.1138784427 0.1138784427 1.79230010106
0.988540235017 0.0366126012969 0.146450405188 1.60820605804
0.988540235017 0.146450405188 0.0366126012969 1.60820605804
0.989949493661 0.0 0.141421356237 1.44815468787
0.989949493661 0.141421356237 0.0 1.44815468787
0.991201182589 0.0734223098214 0.110133464732 1.62122793007
0.991201182589 0.110133464732 0.0734223098214 1.62122793007
0.993682817383 0.0354886720494 0.106466016148 1.46460051098
0.993682817383 0.106466016148 0.0354886720494 1.46460051098
0.994691793827 0.0 0.102899151086 1.32227426775
0.994691793827 0.102899151086 0.0 1.32227426775
0.994936676326 0.0710669054519 0.0710669054519 1.47015174106
0.99704053805 0.0343807082086 0.0687614164173 1.33166317563
0.99704053805 0.0687614164173 0.0343807082086 1.33166317563
0.997785157857 0.0 0.0665190105238 1.20558348277
0.997785157857 0.0665190105238 0.0 1.20558348277
0.998890737318 0.0332963579106 0.0332963579106 1.20959540578
0.99948011434 0.0 0.032241294011 1.09821488789
0.99948011434 0.032241294011 0.0 1.09821488789
1.0 0.0 0.0 1.0
#TI1 TI2 TI3#
32 34 31
34 66 36
66 97 68
97 121 99
121 143 129
143 170 149
170 196 174
196 221 200
221 241 225
241 263 251
263 286 274
286 306 296
306 329 316
329 349 337
349 370 357
370 388 376
388 407 396
407 423 415
423 440 433
440 454 448
454 469 464
469 483 479
483 496 492
496 508 504
508 519 515
519 530 525
530 538 536
538 545 543
545 551 549
551 556 554
556 559 557
559 560 558
31 36 30
36 68 38
68 99 70
99 129 101
129 149 131
149 174 155
174 200 180
200 225 204
225 251 229
251 274 255
274 296 278
296 316 302
316 337 325
337 357 347
357 376 366
376 396 386
396 415 405
415 433 425
433 448 442
448 464 458
464 479 473
479 492 487
492 504 500
504 515 513
515 525 523
525 536 532
536 543 540
543 549 547
549 554 552
554 557 553
557 558 555
30 38 29
38 70 40
70 101 72
101 131 103
131 155 133
155 180 162
180 204 186
204 229 210
229 255 235
255 278 259
278 302 284
302 325 308
325 347 331
347 366 353
366 386 374
386 405 394
405 425 413
425 442 431
442 458 450
458 473 467
473 487 481
487 500 494
500 513 506
513 523 517
523 532 527
532 540 534
540 547 541
547 552 546
552 553 548
553 555 550
29 40 28
40 72 42
72 103 74
103 133 105
133 162 135
162 186 164
186 210 192
210 235 219
235 259 243
259 284 267
284 308 292
308 331 314
331 353 339
353 374 361
374 394 382
394 413 403
413 431 421
431 450 438
450 467 456
467 481 471
481 494 485
494 506 498
506 517 510
517 527 521
527 534 528
534 541 533
541 546 539
546 548 542
548 550 544
28 42 27
42 74 44
74 105 76
105 135 107
135 164 137
164 192 166
192 219 194
219 243 223
243 267 249
267 292 276
292 314 300
314 339 323
339 361 345
361 382 368
382 403 390
403 421 409
421 438 427
438 456 444
456 471 460
471 485 475
485 498 489
498 510 502
510 521 511
521 528 520
528 533 526
533 539 531
539 542 535
542 544 537
27 44 26
44 76 46
76 107 78
107 137 109
137 166 139
166 194 168
194 223 198
223 249 227
249 276 253
276 300 280
300 323 304
323 345 327
345 368 351
368 390 372
390 409 392
409 427 411
427 444 429
444 460 446
460 475 462
475 489 477
489 502 490
502 511 501
511 520 509
520 526 516
526 531 522
531 535 524
535 537 529
26 46 25
46 78 48
78 109 80
109 139 111
139 168 141
168 198 172
198 227 202
227 253 231
253 280 257
280 304 282
304 327 310
327 351 333
351 372 355
372 392 378
392 411 398
411 429 417
429 446 435
446 462 452
462 477 465
477 490 476
490 501 488
501 509 497
509 516 505
516 522 512
522 524 514
524 529 518
25 48 24
48 80 50
80 111 82
111 141 113
141 172 145
172 202 176
202 231 206
231 257 233
257 282 261
282 310 288
310 333 312
333 355 335
355 378 359
378 398 380
398 417 400
417 435 419
435 452 436
452 465 451
465 476 461
476 488 474
488 497 484
497 505 493
505 512 499
512 514 503
514 518 507
24 50 23
50 82 52
82 113 84
113 145 115
145 176 147
176 206 178
206 233 208
233 261 237
261 288 265
288 312 290
312 335 318
335 359 341
359 380 363
380 400 384
400 419 401
419 436 418
436 451 434
451 461 445
461 474 459
474 484 470
484 493 480
493 499 486
499 503 491
503 507 495
23 52 22
52 84 54
84 115 86
115 147 117
147 178 151
178 208 182
208 237 212
237 265 239
265 290 269
290 318 294
318 341 320
341 363 343
363 384 364
384 401 383
401 418 399
418 434 416
434 445 428
445 459 443
459 470 455
470 480 466
480 486 472
486 491 478
491 495 482
22 54 21
54 86 56
86 117 88
117 151 119
151 182 153
182 212 184
212 239 214
239 269 245
269 294 271
294 320 298
320 343 321
343 364 342
364 383 362
383 399 379
399 416 397
416 428 410
428 443 426
443 455 437
455 466 449
466 472 457
472 478 463
478 482 468
21 56 20
56 88 58
88 119 90
119 153 123
153 184 157
184 214 188
214 245 216
245 271 247
271 298 272
298 321 297
321 342 319
342 362 340
362 379 358
379 397 377
397 410 391
410 426 408
426 437 420
437 449 430
449 457 441
457 463 447
463 468 453
20 58 19
58 90 60
90 123 92
123 157 125
157 188 159
188 216 190
216 247 217
247 272 246
272 297 270
297 319 293
319 340 317
340 358 334
358 377 354
377 391 371
391 408 389
408 420 402
420 430 412
430 441 424
441 447 432
447 453 439
19 60 18
60 92 62
92 125 94
125 159 127
159 190 160
190 217 189
217 246 215
246 270 244
270 293 268
293 317 289
317 334 311
334 354 332
354 371 350
371 389 367
389 402 381
402 412 393
412 424 404
424 432 414
432 439 422
18 62 17
62 94 64
94 127 95
127 160 126
160 189 158
189 215 187
215 244 213
244 268 238
268 289 264
289 311 287
311 332 309
332 350 326
350 367 344
367 381 360
381 393 373
393 404 385
404 414 395
414 422 406
17 64 16
64 95 63
95 126 93
126 158 124
158 187 156
187 213 183
213 238 211
238 264 236
264 287 260
287 309 281
309 326 303
326 344 322
344 360 338
360 373 352
373 385 365
385 395 375
395 406 387
16 63 15
63 93 61
93 124 91
124 156 122
156 183 152
183 211 181
211 236 207
236 260 232
260 281 256
281 303 279
303 322 299
322 338 313
338 352 330
352 365 346
365 375 356
375 387 369
15 61 14
61 91 59
91 122 89
122 152 118
152 181 150
181 207 177
207 232 205
232 256 230
256 279 252
279 299 275
299 313 291
313 330 307
330 346 324
346 356 336
356 369 348
14 59 13
59 89 57
89 118 87
118 150 116
150 177 146
177 205 175
205 230 201
230 252 226
252 275 248
275 291 266
291 307 283
307 324 301
324 336 315
336 348 328
13 57 12
57 87 55
87 116 85
116 146 114
146 175 144
175 201 171
201 226 197
226 248 222
248 266 242
266 283 258
283 301 277
301 315 295
315 328 305
12 55 11
55 85 53
85 114 83
114 144 112
144 171 140
171 197 167
197 222 193
222 242 218
242 258 234
258 277 254
277 295 273
295 305 285
11 53 10
53 83 51
83 112 81
112 140 110
140 167 138
167 193 165
193 218 191
218 234 209
234 254 228
254 273 250
273 285 262
10 51 9
51 81 49
81 110 79
110 138 108
138 165 136
165 191 163
191 209 185
209 228 203
228 250 224
250 262 240
9 49 8
49 79 47
79 108 77
108 136 106
136 163 134
163 185 161
185 203 179
203 224 199
224 240 220
8 47 7
47 77 45
77 106 75
106 134 104
134 161 132
161 179 154
179 199 173
199 220 195
7 45 6
45 75 43
75 104 73
104 132 102
132 154 130
154 173 148
173 195 169
6 43 5
43 73 41
73 102 71
102 130 100
130 148 128
148 169 142
5 41 4
41 71 39
71 100 69
100 128 98
128 142 120
4 39 3
39 69 37
69 98 67
98 120 96
3 37 2
37 67 35
67 96 65
2 35 1
35 65 33
1 33 0
34 31 36
66 36 68
97 68 99
121 99 129
143 129 149
170 149 174
196 174 200
221 200 225
241 225 251
263 251 274
286 274 296
306 296 316
329 316 337
349 337 357
370 357 376
388 376 396
407 396 415
423 415 433
440 433 448
454 448 464
469 464 479
483 479 492
496 492 504
508 504 515
519 515 525
530 525 536
538 536 543
545 543 549
551 549 554
556 554 557
559 557 558
36 30 38
68 38 70
99 70 101
129 101 131
149 131 155
174 155 180
200 180 204
225 204 229
251 229 255
274 255 278
296 278 302
316 302 325
337 325 347
357 347 366
376 366 386
396 386 405
415 405 425
433 425 442
448 442 458
464 458 473
479 473 487
492 487 500
504 500 513
515 513 523
525 523 532
536 532 540
543 540 547
549 547 552
554 552 553
557 553 555
38 29 40
70 40 72
101 72 103
131 103 133
155 133 162
180 162 186
204 186 210
229 210 235
255 235 259
278 259 284
302 284 308
325 308 331
347 331 353
366 353 374
386 374 394
405 394 413
425 413 431
442 431 450
458 450 467
473 467 481
487 481 494
500 494 506
513 506 517
523 517 527
532 527 534
540 534 541
547 541 546
552 546 548
553 548 550
40 28 42
72 42 74
103 74 105
133 105 135
162 135 164
186 164 192
210 192 219
235 219 243
259 243 267
284 267 292
308 292 314
331 314 339
353 339 361
374 361 382
394 382 403
413 403 421
431 421 438
450 438 456
467 456 471
481 471 485
494 485 498
506 498 510
517 510 521
527 521 528
534 528 533
541 533 539
546 539 542
548 542 544
42 27 44
74 44 76
105 76 107
135 107 137
164 137 166
192 166 194
219 194 223
243 223 249
267 249 276
292 276 300
314 300 323
339 323 345
361 345 368
382 368 390
403 390 409
421 409 427
438 427 444
456 444 460
471 460 475
485 475 489
498 489 502
510 502 511
521 511 520
528 520 526
533 526 531
539 531 535
542 535 537
44 26 46
76 46 78
107 78 109
137 109 139
166 139 168
194 168 198
223 198 227
249 227 253
276 253 280
300 280 304
323 304 327
345 327 351
368 351 372
390 372 392
409 392 411
427 411 429
444 429 446
460 446 462
475 462 477
489 477 490
502 490 501
511 501 509
520 509 516
526 516 522
531 522 524
535 524 529
46 25 48
78 48 80
109 80 111
139 111 141
168 141 172
198 172 202
227 202 231
253 231 257
280 257 282
304 282 310
327 310 333
351 333 355
372 355 378
392 378 398
411 398 417
429 417 435
446 435 452
462 452 465
477 465 476
490 476 488
501 488 497
509 497 505
516 505 512
522 512 514
524 514 518
48 24 50
80 50 82
111 82 113
141 113 145
172 145 176
202 176 206
231 206 233
257 233 261
282 261 288
310 288 312
333 312 335
355 335 359
378 359 380
398 380 400
417 400 419
435 419 436
452 436 451
465 451 461
476 461 474
488 474 484
497 484 493
505 493 499
512 499 503
514 503 507
50 23 52
82 52 84
113 84 115
145 115 147
176 147 178
206 178 208
233 208 237
261 237 265
288 265 290
312 290 318
335 318 341
359 341 363
380 363 384
400 384 401
419 401 418
436 418 434
451 434 445
461 445 459
474 459 470
484 470 480
493 480 486
499 486 491
503 491 495
52 22 54
84 54 86
115 86 117
147 117 151
178 151 182
208 182 212
237 212 239
265 239 269
290 269 294
318 294 320
341 320 343
363 343 364
384 364 383
401 383 399
418 399 416
434 416 428
445 428 443
459 443 455
470 455 466
480 466 472
486 472 478
491 478 482
54 21 56
86 56 88
117 88 119
151 119 153
182 153 184
212 184 214
239 214 245
269 245 271
294 271 298
320 298 321
343 321 342
364 342 362
383 362 379
399 379 397
416 397 410
428 410 426
443 426 437
455 437 449
466 449 457
472 457 463
478 463 468
56 20 58
88 58 90
119 90 123
153 123 157
184 157 188
214 188 216
245 216 247
271 247 272
298 272 297
321 297 319
342 319 340
362 340 358
379 358 377
397 377 391
410 391 408
426 408 420
437 420 430
449 430 441
457 441 447
463 447 453
58 19 60
90 60 92
123 92 125
157 125 159
188 159 190
216 190 217
247 217 246
272 246 270
297 270 293
319 293 317
340 317 334
358 334 354
377 354 371
391 371 389
408 389 402
420 402 412
430 412 424
441 424 432
447 432 439
60 18 62
92 62 94
125 94 127
159 127 160
190 160 189
217 189 215
246 215 244
270 244 268
293 268 289
317 289 311
334 311 332
354 332 350
371 350 367
389 367 381
402 381 393
412 393 404
424 404 414
432 414 422
62 17 64
94 64 95
127 95 126
160 126 158
189 158 187
215 187 213
244 213 238
268 238 264
289 264 287
311 287 309
332 309 326
350 326 344
367 344 360
381 360 373
393 373 385
404 385 395
414 395 406
64 16 63
95 63 93
126 93 124
158 124 156
187 156 183
213 183 211
238 211 236
264 236 260
287 260 281
309 281 303
326 303 322
344 322 338
360 338 352
373 352 365
385 365 375
395 375 387
63 15 61
93 61 91
124 91 122
156 122 152
183 152 181
211 181 207
236 207 232
260 232 256
281 256 279
303 279 299
322 299 313
338 313 330
352 330 346
365 346 356
375 356 369
61 14 59
91 59 89
122 89 118
152 118 150
181 150 177
207 177 205
232 205 230
256 230 252
279 252 275
299 275 291
313 291 307
330 307 324
346 324 336
356 336 348
59 13 57
89 57 87
118 87 116
150 116 146
177 146 175
205 175 201
230 201 226
252 226 248
275 248 266
291 266 283
307 283 301
324 301 315
336 315 328
57 12 55
87 55 85
116 85 114
146 114 144
175 144 171
201 171 197
226 197 222
248 222 242
266 242 258
283 258 277
301 277 295
315 295 305
55 11 53
85 53 83
114 83 112
144 112 140
171 140 167
197 167 193
222 193 218
242 218 234
258 234 254
277 254 273
295 273 285
53 10 51
83 51 81
112 81 110
140 110 138
167 138 165
193 165 191
218 191 209
234 209 228
254 228 250
273 250 262
51 9 49
81 49 79
110 79 108
138 108 136
165 136 163
191 163 185
209 185 203
228 203 224
250 224 240
49 8 47
79 47 77
108 77 106
136 106 134
163 134 161
185 161 179
203 179 199
224 199 220
47 7 45
77 45 75
106 75 104
134 104 132
161 132 154
179 154 173
199 173 195
45 6 43
75 43 73
104 73 102
132 102 130
154 130 148
173 148 169
43 5 41
73 41 71
102 71 100
130 100 128
148 128 142
41 4 39
71 39 69
100 69 98
128 98 120
39 3 37
69 37 67
98 67 96
37 2 35
67 35 65
35 1 33
